data/asassn/obs_ASASSN.ecsv
# %ECSV 1.0
# ---
# datatype:
# - {name: HJD, datatype: float64}
# - {name: UT Date, datatype: string}
# - {name: Camera, datatype: string}
# - {name: FWHM, datatype: float64}
# - {name: Limit, datatype: float64}
# - {name: mag, datatype: float64}
# - {name: mag_err, datatype: float64}
# - {name: flux(mJy), datatype: float64}
# - {name: flux_err, datatype: float64}
# - {name: Filter, datatype: string}
# - {name: MJD, datatype: float64}
# - {name: fnorm, datatype: float64}
# - {name: fnormerr, datatype: float64}
# schema: astropy-2.0
HJD "UT Date" Camera FWHM Limit mag mag_err flux(mJy) flux_err Filter MJD fnorm fnormerr
[from data line 963]
2459693.63919 2022-04-24.1380976 bE 1.48 17.064 14.805 0.027 4.347 0.108 g 59693.139190000016 0.3905660377358491 0.009703504043126684
2459694.64047 2022-04-25.1394295 bE 1.47 17.173 14.512 0.019 5.689 0.098 g 59694.140469999984 0.5111410601976639 0.00880503144654088
2459695.5311 2022-04-26.0301136 bE 1.45 17.219 14.497 0.018 5.772 0.094 g 59695.03109999979 0.5185983827493261 0.008445642407906559
2459697.5092 2022-04-28.0083119 bi 1.42 16.894 15.506 0.061 2.279 0.127 g 59697.009200000204 0.20476190476190473 0.011410601976639711
2459700.20999 2022-04-30.7092548 bm 1.49 16.88 15.163 0.045 3.125 0.129 g 59699.70998999989 0.28077268643306375 0.011590296495956873
2459701.62413 2022-05-02.1234706 bE 1.48 17.128 14.624 0.022 5.132 0.102 g 59701.124129999895 0.4610961365678346 0.009164420485175202
2459703.29156 2022-05-03.7909849 bm 1.44 17.04 14.734 0.026 4.639 0.111 g 59702.79155999981 0.4168014375561545 0.009973045822102426
2459705.59227 2022-05-06.0918313 bE 1.54 16.905 15.63 0.067 2.033 0.126 g 59705.09226999991 0.18265947888589396 0.011320754716981131
2459709.32127 2022-05-09.8210444 bm 1.54 16.869 15.146 0.044 3.176 0.13 g 59708.82127000019 0.2853548966756514 0.011680143755615453
2459711.58835 2022-05-12.0882467 bE 1.55 16.92 14.828 0.032 4.256 0.124 g 59711.08834999986 0.3823899371069182 0.01114106019766397
2459713.5741 2022-05-14.0741075 bE 1.46 16.769 15.069 0.045 3.407 0.142 g 59713.07409999985 0.30610961365678346 0.012758310871518417
2459714.50403 2022-05-15.0040858 bi 1.45 16.84 14.49 0.025 5.806 0.133 g 59714.00402999995 0.5216531895777179 0.011949685534591194
2459716.3125 2022-05-16.8126692 bm 1.53 16.541 14.193 0.025 7.638 0.176 g 59715.8125 0.6862533692722371 0.015813117699910152
2459719.56568 2022-05-20.0660179 bE 1.49 17.17 14.513 0.019 5.684 0.098 g 59719.06568 0.5106918238993711 0.00880503144654088
2459723.44752 2022-05-23.9480850 bi 1.51 17.043 14.202 0.016 7.571 0.111 g 59722.94751999993 0.6802336028751123 0.009973045822102426
2459724.55114 2022-05-25.0517528 bE 1.48 17.401 14.212 0.012 7.501 0.08 g 59724.05114000011 0.6739442946990116 0.007187780772686433
2459725.46623 2022-05-25.9668957 bi 1.47 17.591 14.07 0.008 8.549 0.067 g 59724.9662299999 0.7681042228212038 0.006019766397124888
2459727.30246 2022-05-27.8032407 bm 1.47 17.082 14.485 0.02 5.835 0.107 g 59726.80245999992 0.5242587601078167 0.009613656783468103
2459736.51735 2022-06-06.0186226 bi 1.53 17.648 13.968 0.007 9.389 0.063 g 59736.017349999864 0.8435759209344114 0.005660377358490566
