data/asassn/obs_ASASSN.ecsv
# %ECSV 1.0
# ---
# datatype:
# - {name: HJD, datatype: float64}
# - {name: UT Date, datatype: string}
# - {name: Camera, datatype: string}
# - {name: FWHM, datatype: float64}
# - {name: Limit, datatype: float64}
# - {name: mag, datatype: float64}
# - {name: mag_err, datatype: float64}
# - {name: flux(mJy), datatype: float64}
# - {name: flux_err, datatype: float64}
# - {name: Filter, datatype: string}
# - {name: MJD, datatype: float64}
# - {name: fnorm, datatype: float64}
# - {name: fnormerr, datatype: float64}
# schema: astropy-2.0
HJD "UT Date" Camera FWHM Limit mag mag_err flux(mJy) flux_err Filter MJD fnorm fnormerr
[from data line 481]
2458841.50413 2019-12-24.0020947 bm 1.6 17.798 13.794 0.005 11.029 0.055 g 58841.00412999978 0.9909254267744833 0.004941599281221922
2458841.82704 2019-12-24.3249936 bE 1.5 18.143 13.749 0.004 11.494 0.04 g 58841.32703999989 1.0327044025157233 0.0035938903863432163
2458842.77049 2019-12-25.2684025 bi 1.45 17.907 13.769 0.005 11.281 0.05 g 58842.270490000024 1.0135669362084456 0.004492362982929021
2458843.77759 2019-12-26.2754560 bi 1.34 17.919 13.809 0.005 10.875 0.049 g 58843.27759000007 0.9770889487870619 0.00440251572327044
2458845.80844 2019-12-28.3062232 bi 1.39 17.71 13.766 0.006 11.311 0.06 g 58845.30843999982 1.016262353998203 0.005390835579514824
2458846.82729 2019-12-29.3250271 bi 1.5 17.885 13.78 0.005 11.172 0.051 g 58846.32728999993 1.0037735849056604 0.004582210242587601
2458847.81253 2019-12-30.3102356 bi 1.37 18.005 13.799 0.005 10.977 0.046 g 58847.31253000023 0.9862533692722372 0.004132973944294699
2458848.79838 2019-12-31.2960394 bi 1.46 18.134 13.824 0.004 10.725 0.04 g 58848.29838000005 0.9636118598382748 0.0035938903863432163
2458849.63414 2020-01-01.1317710 bi 1.43 17.6 13.781 0.006 11.159 0.066 g 58849.13414000021 1.002605570530099 0.005929919137466307
2458849.80571 2020-01-01.3033280 bE 1.51 18.616 13.801 0.003 10.956 0.026 g 58849.305709999986 0.9843665768194069 0.0023360287511230904
2458850.54831 2020-01-02.0459015 bm 1.53 17.902 13.819 0.005 10.771 0.05 g 58850.048309999984 0.9677448337825696 0.004492362982929021
2458850.64674 2020-01-02.1443237 bi 1.44 17.797 13.803 0.005 10.937 0.055 g 58850.14674000023 0.9826594788858939 0.004941599281221922
2458850.83317 2020-01-02.3307513 bE 1.49 18.451 13.793 0.003 11.039 0.03 g 58850.33317 0.9918238993710691 0.002695417789757412
2458851.6993 2020-01-03.1968563 bi 1.46 17.963 13.806 0.005 10.9 0.047 g 58851.19929999998 0.9793351302785265 0.0042228212039532795
2458852.42293 2020-01-03.9204512 bm 1.48 17.618 13.806 0.006 10.905 0.065 g 58851.922929999884 0.9797843665768193 0.005840071877807726
2458852.65416 2020-01-04.1516660 bi 1.49 17.709 13.796 0.006 11.007 0.06 g 58852.15415999992 0.9889487870619945 0.005390835579514824
2458852.84135 2020-01-04.3388652 bE 1.48 18.279 13.788 0.003 11.086 0.035 g 58852.341349999886 0.9960467205750224 0.0031446540880503146
2458853.65047 2020-01-05.1479413 bi 1.48 17.613 13.79 0.006 11.067 0.065 g 58853.150470000226 0.9943396226415093 0.005840071877807726
2458853.82569 2020-01-05.3231619 bE 1.51 18.258 13.777 0.004 11.199 0.036 g 58853.32568999985 1.006199460916442 0.0032345013477088945
2458854.65794 2020-01-06.1553775 bi 1.43 17.037 13.795 0.011 11.021 0.111 g 58854.15793999983 0.9902066486972148 0.009973045822102426
2458855.62402 2020-01-07.1214290 bE 1.48 17.077 13.808 0.011 10.889 0.107 g 58855.12401999999 0.978346810422282 0.009613656783468103
2458855.79566 2020-01-07.2930642 bi 1.38 17.849 13.816 0.005 10.81 0.053 g 58855.29565999983 0.9712488769092542 0.0047619047619047615
2458856.62775 2020-01-08.1251241 bE 1.61 17.222 13.805 0.009 10.91 0.094 g 58856.127749999985 0.9802336028751123 0.008445642407906559
2458857.57724 2020-01-09.0745826 bE 1.54 17.158 13.782 0.01 11.149 0.099 g 58857.07724000001 1.001707097933513 0.00889487870619946
2458857.81744 2020-01-09.3147767 bi 1.36 17.33 13.812 0.009 10.85 0.085 g 58857.3174399999 0.9748427672955974 0.0076370170709793355
2458858.73851 2020-01-10.2358160 bE 1.46 17.338 13.795 0.008 11.019 0.084 g 58858.238510000054 0.9900269541778975 0.007547169811320755
2458860.67975 2020-01-12.1769902 bE 1.4 16.837 13.785 0.013 11.117 0.134 g 58860.17975000013 0.9988319856244384 0.012039532794249776
2458860.72276 2020-01-12.2200005 bi 1.45 17.139 13.807 0.01 10.896 0.101 g 58860.2227599998 0.9789757412398922 0.009074573225516622
2458861.76306 2020-01-13.2602671 bE 1.45 17.263 13.766 0.009 11.313 0.09 g 58861.263059999794 1.0164420485175203 0.008086253369272236
2458861.84052 2020-01-13.3377303 bi 1.49 16.905 13.839 0.013 10.581 0.126 g 58861.340520000085 0.9506738544474392 0.011320754716981131
2458862.83197 2020-01-14.3291520 bi 1.41 17.484 13.798 0.007 10.982 0.074 g 58862.331970000174 0.98670260557053 0.00664869721473495
2458863.61588 2020-01-15.1130340 bi 1.43 17.871 13.783 0.005 11.136 0.052 g 58863.11587999994 1.0005390835579513 0.004672057502246181
2458863.80883 2020-01-15.3059782 bE 1.52 17.531 13.747 0.007 11.517 0.071 g 58863.308829999994 1.0347708894878704 0.006379155435759208
2458864.65256 2020-01-16.1496841 bi 1.43 18.071 13.81 0.004 10.868 0.043 g 58864.15255999984 0.9764600179694519 0.0038634321653189573
2458864.84604 2020-01-16.3431556 bE 1.5 17.614 13.757 0.006 11.405 0.065 g 58864.34604000021 1.0247079964061094 0.005840071877807726
2458866.65266 2020-01-18.1497346 bi 1.42 18.029 13.789 0.004 11.079 0.045 g 58866.15266000014 0.9954177897574124 0.004043126684636118
2458868.83139 2020-01-20.3284107 bi 1.42 17.783 13.798 0.006 10.984 0.056 g 58868.33138999995 0.9868823000898472 0.005031446540880503
2458869.82514 2020-01-21.3221496 bi 1.46 17.641 13.764 0.006 11.332 0.064 g 58869.325139999855 1.0181491464510333 0.005750224618149146
2458870.82331 2020-01-22.3202877 bE 1.43 18.075 13.765 0.004 11.32 0.043 g 58870.32330999989 1.0170709793351302 0.0038634321653189573
2458871.82127 2020-01-23.3182277 bi 1.41 18.109 13.818 0.004 10.781 0.041 g 58871.32127000019 0.9686433063791554 0.003683737646001797
2458872.82552 2020-01-24.3224552 bE 1.46 18.173 13.809 0.004 10.872 0.039 g 58872.325519999955 0.9768194070080862 0.003504043126684636
2458875.83303 2020-01-27.3299079 bE 1.47 18.31 13.789 0.003 11.075 0.034 g 58875.33302999986 0.9950584007187779 0.003054806828391734
2458878.83542 2020-01-30.3322590 bE 1.51 17.887 13.792 0.005 11.046 0.051 g 58878.3354199999 0.9924528301886791 0.004582210242587601
2458880.83097 2020-02-01.3277809 bi 1.62 17.721 13.81 0.006 10.863 0.059 g 58880.33097000001 0.976010781671159 0.0053009883198562435
2458881.5361 2020-02-02.0329052 bi 1.42 17.918 13.803 0.005 10.934 0.049 g 58881.03610000014 0.9823899371069181 0.00440251572327044
2458882.56431 2020-02-03.0610952 bi 1.42 17.731 13.805 0.006 10.912 0.059 g 58882.06430999981 0.9804132973944295 0.0053009883198562435
2458883.62366 2020-02-04.1204384 bi 1.43 17.828 13.786 0.005 11.103 0.054 g 58883.12366000004 0.9975741239892182 0.004851752021563342
2458884.65554 2020-02-05.1523130 bi 1.45 17.901 13.804 0.005 10.923 0.05 g 58884.15554000018 0.9814016172506738 0.004492362982929021
2458886.8239 2020-02-07.3206630 bi 1.46 17.103 13.786 0.01 11.111 0.105 g 58886.32390000019 0.9982929020664869 0.009433962264150943
2458889.59389 2020-02-10.0906312 bi 1.42 17.189 13.759 0.009 11.385 0.097 g 58889.093890000135 1.022911051212938 0.0087151841868823
2458890.79752 2020-02-11.2942605 bE 1.45 17.241 13.788 0.009 11.084 0.092 g 58890.29752000002 0.9958670260557052 0.008265947888589397
2458891.56252 2020-02-12.0592695 bi 1.45 17.895 13.807 0.005 10.891 0.05 g 58891.06252000015 0.9785265049415992 0.004492362982929021
2458891.80074 2020-02-12.2974837 bE 1.52 17.484 13.787 0.007 11.101 0.074 g 58891.30073999986 0.9973944294699012 0.00664869721473495
2458893.60562 2020-02-14.1023644 bE 1.56 18.464 13.798 0.003 10.982 0.03 g 58893.105620000046 0.98670260557053 0.002695417789757412
2458893.8042 2020-02-14.3009438 bi 1.48 17.506 13.819 0.007 10.777 0.072 g 58893.30420000013 0.968283917340521 0.006469002695417789
2458894.65641 2020-02-15.1531506 bE 1.49 18.221 13.821 0.004 10.758 0.037 g 58894.15640999982 0.9665768194070079 0.003324348607367475
2458897.64124 2020-02-18.1379925 bi 1.46 18.082 13.829 0.004 10.679 0.042 g 58897.14123999979 0.9594788858939802 0.0037735849056603774
2458897.82358 2020-02-18.3203420 bE 1.44 18.146 13.836 0.004 10.607 0.04 g 58897.323580000084 0.9530098831985623 0.0035938903863432163
2458898.52773 2020-02-19.0244916 bi 1.52 18.155 13.843 0.004 10.544 0.04 g 58898.027730000205 0.9473495058400718 0.0035938903863432163
2458899.63643 2020-02-20.1332017 bE 1.5 18.07 13.872 0.005 10.261 0.043 g 58899.136429999955 0.9219227313566934 0.0038634321653189573
2458900.65029 2020-02-21.1470653 bE 1.54 18.296 13.835 0.004 10.614 0.035 g 58900.15028999979 0.9536388140161725 0.0031446540880503146
2458901.72895 2020-02-22.2257396 bE 1.49 18.102 13.851 0.004 10.465 0.042 g 58901.2289499999 0.9402515723270439 0.0037735849056603774
2458902.81347 2020-02-23.3102690 bi 1.38 18.073 13.838 0.004 10.585 0.043 g 58902.313469999935 0.9510332434860737 0.0038634321653189573
2458903.81862 2020-02-24.3154215 bE 1.47 17.583 13.881 0.007 10.174 0.067 g 58903.318620000035 0.914106019766397 0.006019766397124888
2458904.64901 2020-02-25.1458206 bE 1.52 18.71 13.812 0.002 10.849 0.024 g 58904.14900999982 0.9747529200359388 0.0021563342318059297
2458905.63219 2020-02-26.1290129 bi 1.48 18.238 13.831 0.004 10.658 0.037 g 58905.1321899998 0.9575920934411499 0.003324348607367475
2458906.65347 2020-02-27.1503136 bE 1.43 18.278 13.802 0.004 10.94 0.035 g 58906.15346999979 0.9829290206648696 0.0031446540880503146
2458909.27788 2020-02-29.7747533 bm 2.05 17.769 13.812 0.006 10.84 0.057 g 58908.77787999995 0.9739442946990116 0.005121293800539084
2458911.42218 2020-03-02.9190931 bm 1.54 17.883 13.828 0.005 10.685 0.051 g 58910.92218000023 0.9600179694519317 0.004582210242587601
2458914.43852 2020-03-05.9354959 bm 1.61 16.96 13.838 0.012 10.592 0.119 g 58913.93851999985 0.9516621743036837 0.010691823899371069
2458915.60711 2020-03-07.1041133 bi 1.52 17.457 13.811 0.008 10.858 0.076 g 58915.107110000215 0.9755615453728661 0.00682839173405211
2458916.75685 2020-03-08.2538802 bi 1.43 16.867 13.828 0.013 10.687 0.13 g 58916.256850000005 0.9601976639712487 0.011680143755615453
2458918.66939 2020-03-10.1664681 bi 1.41 16.433 13.812 0.019 10.843 0.194 g 58918.16938999994 0.9742138364779873 0.0174303683737646
2458919.71455 2020-03-11.2116598 bE 1.56 17.479 13.801 0.007 10.958 0.074 g 58919.21455000015 0.9845462713387241 0.00664869721473495
2458926.47259 2020-03-17.9698870 bm 1.51 17.802 13.806 0.005 10.901 0.055 g 58925.9725899999 0.979424977538185 0.004941599281221922
2458929.24047 2020-03-20.7378562 bm 1.58 17.62 13.817 0.007 10.791 0.065 g 58928.74047000008 0.9695417789757412 0.005840071877807726
2458931.39101 2020-03-22.8884711 bm 1.59 17.85 13.823 0.005 10.74 0.053 g 58930.891009999905 0.9649595687331536 0.0047619047619047615
2458978.35314 2020-05-08.8528791 bm 1.57 16.852 13.789 0.013 11.074 0.132 g 58977.85313999979 0.9949685534591194 0.011859838274932614
2458980.34903 2020-05-10.8488855 bm 1.56 17.031 13.824 0.011 10.722 0.112 g 58979.84903000016 0.963342318059299 0.010062893081761006
2458992.24791 2020-05-22.7484326 bm 1.52 17.815 13.813 0.005 10.833 0.054 g 58991.74790999992 0.9733153638814016 0.004851752021563342
2459002.29433 2020-06-01.7954031 bm 1.57 17.171 13.821 0.01 10.76 0.098 g 59001.794329999946 0.9667565139263251 0.00880503144654088
2459008.23947 2020-06-07.7408488 bm 1.54 17.257 13.797 0.009 10.993 0.091 g 59007.73946999991 0.9876909254267744 0.008176100628930818
2459016.23741 2020-06-15.7391851 bm 1.55 17.988 13.855 0.005 10.426 0.046 g 59015.73741000006 0.9367475292003593 0.004132973944294699
2459017.22863 2020-06-16.7304474 bm 1.57 18.041 13.85 0.005 10.473 0.044 g 59016.728629999794 0.9409703504043126 0.003953279424977538
2459023.22161 2020-06-22.7236957 bm 1.58 17.956 13.846 0.005 10.509 0.048 g 59022.72160999989 0.9442048517520215 0.004312668463611859
2459032.19719 2020-07-01.6996502 bm 2.02 17.112 13.814 0.01 10.828 0.104 g 59031.69719000021 0.9728661275831086 0.009344115004492361
2459112.62634 2020-09-20.1290833 bm 1.62 17.387 13.779 0.008 11.183 0.081 g 59112.12633999996 1.0047619047619047 0.007277628032345013
2459128.58282 2020-10-06.0849436 bm 1.5 17.207 13.823 0.01 10.732 0.095 g 59128.08282000013 0.9642407906558849 0.008535489667565139
2459134.55204 2020-10-12.0538784 bm 1.51 17.606 14.042 0.008 8.772 0.066 g 59134.05203999998 0.7881401617250674 0.005929919137466307
2459137.56473 2020-10-15.0664260 bm 1.58 17.474 14.138 0.01 8.033 0.074 g 59137.06473000022 0.7217430368373764 0.00664869721473495
2459140.54869 2020-10-18.0502363 bm 1.52 17.651 14.072 0.008 8.536 0.063 g 59140.04869000008 0.7669362084456424 0.005660377358490566
2459143.56052 2020-10-21.0619097 bm 1.49 17.705 14.035 0.007 8.833 0.06 g 59143.060519999824 0.7936208445642408 0.005390835579514824
2459146.77862 2020-10-24.2798494 bE 1.46 18.186 13.858 0.004 10.395 0.039 g 59146.27862 0.9339622641509433 0.003504043126684636
2459147.75498 2020-10-25.2561549 bi 1.45 17.492 13.979 0.009 9.298 0.073 g 59147.2549800002 0.8353998203054807 0.006558849955076369
2459147.83267 2020-10-25.3338396 bE 1.42 17.702 13.987 0.007 9.235 0.06 g 59147.332669999916 0.82973944294699 0.005390835579514824
2459149.76508 2020-10-27.2661428 bE 1.49 17.544 13.892 0.008 10.073 0.07 g 59149.26507999981 0.9050314465408805 0.006289308176100629
2459151.78841 2020-10-29.2893547 bi 1.52 17.244 13.95 0.01 9.549 0.092 g 59151.28841000004 0.8579514824797843 0.008265947888589397
2459152.79059 2020-10-30.2914839 bE 1.44 17.256 13.963 0.01 9.439 0.091 g 59152.29058999987 0.8480682839173405 0.008176100628930818
2459153.77953 2020-10-31.2803696 bE 1.49 17.095 13.957 0.012 9.487 0.105 g 59153.27952999994 0.8523809523809524 0.009433962264150943
2459155.58384 2020-11-02.0845775 bm 1.55 17.227 14.008 0.011 9.057 0.093 g 59155.08383999998 0.8137466307277628 0.008355795148247977
2459155.78654 2020-11-02.2872702 bi 1.39 17.265 14.005 0.011 9.08 0.09 g 59155.28653999977 0.81581311769991 0.008086253369272236
2459158.83349 2020-11-05.3340496 bi 1.46 17.441 13.979 0.009 9.297 0.077 g 59158.33349000011 0.8353099730458221 0.006918238993710691
2459159.84601 2020-11-06.3465199 bE 1.48 17.585 13.952 0.008 9.533 0.067 g 59159.34600999998 0.8565139263252469 0.006019766397124888
2459165.47108 2020-11-11.9712590 bm 1.58 17.929 13.986 0.006 9.242 0.049 g 59164.97108000005 0.8303683737646002 0.00440251572327044
2459165.7464 2020-11-12.2465745 bE 1.45 17.79 13.954 0.006 9.516 0.056 g 59165.24640000006 0.8549865229110511 0.005031446540880503
2459167.80974 2020-11-14.3097795 bi 1.43 17.677 13.991 0.007 9.194 0.062 g 59167.30973999994 0.8260557053009884 0.005570530098831985
2459170.76695 2020-11-17.2668265 bE 1.38 17.74 13.961 0.007 9.455 0.058 g 59170.26695000008 0.8495058400718778 0.0052111410601976636
2459172.70169 2020-11-19.2014596 bE 1.45 17.971 13.91 0.005 9.913 0.047 g 59172.201690000016 0.8906558849955076 0.0042228212039532795
2459173.71486 2020-11-20.2145699 bE 1.5 17.908 13.922 0.006 9.802 0.05 g 59173.21486000018 0.8806828391734051 0.004492362982929021
2459174.74177 2020-11-21.2414184 bE 1.43 17.882 13.934 0.006 9.697 0.051 g 59174.2417700002 0.8712488769092541 0.004582210242587601
2459175.78538 2020-11-22.2849648 bi 1.57 17.755 13.951 0.007 9.545 0.057 g 59175.28537999978 0.85759209344115 0.005121293800539084
2459177.67519 2020-11-24.1746732 bE 1.47 17.872 13.902 0.006 9.981 0.052 g 59177.17518999986 0.896765498652291 0.004672057502246181
2459178.77091 2020-11-25.2703311 bE 1.44 18.056 13.885 0.005 10.143 0.044 g 59178.27090999996 0.9113207547169812 0.003953279424977538
2459179.75616 2020-11-26.2555187 bi 1.54 17.942 13.892 0.005 10.076 0.048 g 59179.25615999987 0.9053009883198563 0.004312668463611859
2459180.76555 2020-11-27.2648583 bE 1.51 17.684 13.912 0.007 9.894 0.061 g 59180.26555000013 0.8889487870619945 0.005480682839173405
2459180.77952 2020-11-27.2788174 bi 1.51 17.419 13.919 0.009 9.826 0.078 g 59180.279519999865 0.8828391734052111 0.007008086253369272
2459181.67461 2020-11-28.1738765 bE 1.5 17.499 13.885 0.008 10.138 0.073 g 59181.174610000104 0.9108715184186882 0.006558849955076369
2459184.65846 2020-12-01.1575612 bE 1.47 16.894 14.035 0.016 8.831 0.127 g 59184.158460000064 0.7934411500449235 0.011410601976639711
2459185.67961 2020-12-02.1786471 bE 1.48 17.288 13.87 0.009 10.279 0.088 g 59185.17960999999 0.923539982030548 0.007906558849955076
