data/asassn/obs_ASASSN.ecsv
# %ECSV 1.0
# ---
# datatype:
# - {name: HJD, datatype: float64}
# - {name: UT Date, datatype: string}
# - {name: Camera, datatype: string}
# - {name: FWHM, datatype: float64}
# - {name: Limit, datatype: float64}
# - {name: mag, datatype: float64}
# - {name: mag_err, datatype: float64}
# - {name: flux(mJy), datatype: float64}
# - {name: flux_err, datatype: float64}
# - {name: Filter, datatype: string}
# - {name: MJD, datatype: float64}
# - {name: fnorm, datatype: float64}
# - {name: fnormerr, datatype: float64}
# schema: astropy-2.0
HJD "UT Date" Camera FWHM Limit mag mag_err flux(mJy) flux_err Filter MJD fnorm fnormerr
[from data line 601]
2459187.65369 2020-12-04.1526153 bi 1.46 17.388 13.887 0.009 10.123 0.08 g 59187.153690000065 0.9095238095238094 0.007187780772686433
2459188.65003 2020-12-05.1489039 bi 1.45 17.746 13.881 0.006 10.174 0.058 g 59188.150030000135 0.914106019766397 0.0052111410601976636
2459189.66122 2020-12-06.1600381 bE 1.53 18.019 13.897 0.005 10.029 0.045 g 59189.161220000125 0.9010781671159029 0.004043126684636118
2459191.8351 2020-12-08.3337987 bE 1.48 17.907 13.876 0.005 10.223 0.05 g 59191.33509999979 0.9185085354896676 0.004492362982929021
2459192.70057 2020-12-09.1992258 bE 1.49 18.055 13.895 0.005 10.043 0.044 g 59192.20056999987 0.902336028751123 0.003953279424977538
2459193.63796 2020-12-10.1365689 bi 1.38 17.934 13.879 0.005 10.2 0.049 g 59193.137959999964 0.9164420485175201 0.00440251572327044
2459194.67847 2020-12-11.1770209 bE 1.42 18.125 13.852 0.004 10.452 0.041 g 59194.17847000016 0.9390835579514825 0.003683737646001797
2459195.82898 2020-12-12.3274754 bi 1.5 18.045 13.835 0.005 10.613 0.044 g 59195.328980000224 0.9535489667565138 0.003953279424977538
2459199.54287 2020-12-16.0411865 bm 1.52 18.16 13.85 0.004 10.474 0.04 g 59199.042870000005 0.9410601976639712 0.0035938903863432163
2459201.48285 2020-12-17.9810620 bm 1.55 18.527 13.88 0.003 10.183 0.028 g 59200.9828499998 0.9149146451033243 0.0025157232704402514
2459202.6886 2020-12-19.1867640 bE 1.5 18.338 13.852 0.003 10.456 0.034 g 59202.188599999994 0.9394429469901167 0.003054806828391734
2459203.79869 2020-12-20.2967945 bi 1.48 18.32 13.872 0.004 10.263 0.034 g 59203.29869000008 0.9221024258760107 0.003054806828391734
2459205.73477 2020-12-22.2327866 bi 1.42 18.012 13.889 0.005 10.105 0.045 g 59205.23476999998 0.9079065588499551 0.004043126684636118
2459206.68792 2020-12-23.1858912 bi 1.41 17.744 13.914 0.006 9.87 0.058 g 59206.18791999994 0.8867924528301886 0.0052111410601976636
2459207.67229 2020-12-24.1702238 bE 1.48 17.895 13.9 0.005 10.004 0.05 g 59207.17229000013 0.8988319856244383 0.004492362982929021
2459209.61335 2020-12-26.1112004 bE 1.45 17.435 13.876 0.008 10.225 0.077 g 59209.11335000023 0.9186882300089846 0.006918238993710691
2459209.6262 2020-12-26.1240403 bi 1.46 17.415 13.879 0.008 10.192 0.079 g 59209.126199999824 0.9157232704402515 0.007097933513027852
2459210.68427 2020-12-27.1820666 bi 1.35 17.433 13.841 0.008 10.562 0.077 g 59210.184270000085 0.9489667565139263 0.006918238993710691
2459212.5889 2020-12-29.0866182 bi 1.46 16.825 13.828 0.014 10.686 0.135 g 59212.08889999986 0.9601078167115902 0.012129380053908356
2459213.74902 2020-12-30.2466871 bi 1.48 16.778 13.891 0.015 10.086 0.141 g 59213.24901999999 0.906199460916442 0.012668463611859837
2459214.73214 2020-12-31.2297687 bi 1.46 17.479 13.871 0.008 10.27 0.074 g 59214.23213999998 0.9227313566936207 0.00664869721473495
2459215.7646 2021-01-01.2621877 bi 1.49 17.344 13.85 0.009 10.474 0.084 g 59215.26459999988 0.9410601976639712 0.007547169811320755
2459216.75625 2021-01-02.2538047 bE 1.47 17.536 13.89 0.008 10.092 0.07 g 59216.25625000009 0.9067385444743935 0.006289308176100629
2459216.79872 2021-01-02.2962673 bi 1.48 16.596 13.836 0.017 10.609 0.167 g 59216.298719999846 0.9531895777178795 0.01500449236298293
2459217.65754 2021-01-03.1550634 bi 1.45 18.051 13.884 0.005 10.145 0.044 g 59217.157540000044 0.9115004492362981 0.003953279424977538
2459217.70842 2021-01-03.2059478 bE 1.46 17.749 13.881 0.006 10.174 0.058 g 59217.20842000004 0.914106019766397 0.0052111410601976636
2459221.83368 2021-01-07.3310504 bE 1.39 17.803 13.912 0.006 9.892 0.055 g 59221.333680000156 0.8887690925426773 0.004941599281221922
2459223.40059 2021-01-08.8979136 bm 1.49 18.25 13.905 0.004 9.951 0.036 g 59222.90059000021 0.8940700808625337 0.0032345013477088945
2459227.72387 2021-01-13.2210528 bE 1.51 18.247 13.847 0.004 10.497 0.037 g 59227.22386999987 0.9431266846361185 0.003324348607367475
2459228.4606 2021-01-13.9577718 bm 1.54 18.161 13.866 0.004 10.316 0.04 g 59227.960599999875 0.9268643306379155 0.0035938903863432163
2459229.36889 2021-01-14.8660269 bm 1.51 18.402 13.912 0.003 9.887 0.032 g 59228.86889000004 0.8883198562443845 0.002875112309074573
2459229.62836 2021-01-15.1254954 bi 1.48 17.945 13.885 0.005 10.137 0.048 g 59229.12835999997 0.9107816711590296 0.004312668463611859
2459230.37205 2021-01-15.8691653 bm 1.48 17.875 13.889 0.006 10.102 0.051 g 59229.87204999989 0.9076370170709793 0.004582210242587601
2459230.54144 2021-01-16.0385450 bE 1.49 17.828 13.9 0.006 10.001 0.054 g 59230.041439999826 0.8985624438454626 0.004851752021563342
2459231.29837 2021-01-16.7954523 bm 1.67 17.995 13.886 0.005 10.129 0.046 g 59230.798369999975 0.9100628930817609 0.004132973944294699
2459231.58344 2021-01-17.0805182 bE 1.46 17.79 13.909 0.006 9.918 0.056 g 59231.08344000019 0.8911051212938004 0.005031446540880503
2459232.87025 2021-01-18.3673027 bE 1.47 17.664 13.895 0.007 10.048 0.062 g 59232.37025000015 0.9027852650494159 0.005570530098831985
2459233.39118 2021-01-18.8882275 bm 1.51 18.001 13.917 0.005 9.846 0.046 g 59232.8911799998 0.8846361185983826 0.004132973944294699
2459233.8304 2021-01-19.3274298 bi 1.59 17.973 13.913 0.005 9.883 0.047 g 59233.33039999986 0.8879604672057501 0.0042228212039532795
2459234.33162 2021-01-19.8286336 bm 1.54 18.186 13.926 0.004 9.761 0.039 g 59233.83161999984 0.8769991015274032 0.003504043126684636
2459234.62077 2021-01-20.1177835 bi 1.43 17.56 13.924 0.008 9.782 0.069 g 59234.12076999992 0.8788858939802335 0.0061994609164420485
2459235.31594 2021-01-20.8129327 bm 1.56 17.829 13.908 0.006 9.924 0.054 g 59234.81594000012 0.8916442048517519 0.004851752021563342
2459235.62891 2021-01-21.1258998 bi 1.45 17.816 13.907 0.006 9.937 0.054 g 59235.12890999997 0.8928122192273135 0.004851752021563342
2459236.52209 2021-01-22.0190600 bm 2.01 18.275 13.873 0.004 10.256 0.036 g 59236.0220900001 0.9214734950584007 0.0032345013477088945
2459238.61827 2021-01-24.1151900 bm 1.57 17.288 13.884 0.009 10.152 0.088 g 59238.11826999998 0.9121293800539082 0.007906558849955076
2459239.63759 2021-01-25.1345039 bE 1.47 17.576 13.863 0.007 10.345 0.068 g 59239.13758999994 0.9294699011680144 0.006109613656783468
2459240.57175 2021-01-26.0686478 bi 1.38 17.793 13.928 0.006 9.749 0.055 g 59240.07175000012 0.8759209344115004 0.004941599281221922
2459241.34765 2021-01-26.8445287 bm 1.55 17.098 13.967 0.012 9.405 0.105 g 59240.847649999894 0.8450134770889487 0.009433962264150943
2459241.71921 2021-01-27.2160820 bi 1.51 17.073 13.908 0.012 9.925 0.108 g 59241.21920999978 0.8917340521114107 0.009703504043126684
2459242.44057 2021-01-27.9374274 bm 2.08 17.465 13.956 0.009 9.501 0.075 g 59241.94057000009 0.8536388140161724 0.0067385444743935305
2459243.38028 2021-01-28.8771331 bm 1.48 16.985 13.94 0.013 9.642 0.117 g 59242.88028000016 0.8663072776280323 0.010512129380053909
2459244.38341 2021-01-29.8802377 bm 1.48 17.159 13.941 0.011 9.633 0.099 g 59243.88340999978 0.865498652291105 0.00889487870619946
2459245.31927 2021-01-30.8160930 bm 2.07 17.585 13.944 0.008 9.601 0.067 g 59244.81926999986 0.8626235399820306 0.006019766397124888
2459245.76105 2021-01-31.2578611 bi 1.47 17.426 13.957 0.009 9.485 0.078 g 59245.261049999855 0.8522012578616351 0.007008086253369272
2459246.86232 2021-02-01.3591182 bi 1.48 17.001 13.932 0.013 9.707 0.115 g 59246.36231999984 0.87214734950584 0.010332434860736747
2459247.79277 2021-02-02.2895585 bi 1.46 17.575 13.903 0.007 9.973 0.068 g 59247.292770000175 0.8960467205750224 0.006109613656783468
2459248.30593 2021-02-02.8027145 bm 1.71 18.079 13.931 0.005 9.722 0.043 g 59247.8059299998 0.8734950584007187 0.0038634321653189573
2459248.63149 2021-02-03.1282763 bi 1.5 17.996 13.909 0.005 9.914 0.046 g 59248.13149000006 0.8907457322551662 0.004132973944294699
2459249.35684 2021-02-03.8536175 bm 1.56 18.044 13.943 0.005 9.611 0.044 g 59248.85684000002 0.8635220125786164 0.003953279424977538
2459249.6174 2021-02-04.1141773 bE 1.44 17.833 13.926 0.006 9.766 0.053 g 59249.11739999987 0.8774483378256962 0.0047619047619047615
2459249.66498 2021-02-04.1617593 bi 1.43 17.955 13.936 0.005 9.671 0.048 g 59249.164979999885 0.8689128481581311 0.004312668463611859
2459250.28952 2021-02-04.7862940 bm 1.64 17.968 13.945 0.005 9.592 0.047 g 59249.78952000011 0.8618149146451033 0.0042228212039532795
2459250.56712 2021-02-05.0638879 bi 1.53 17.906 13.923 0.006 9.787 0.05 g 59250.06711999979 0.8793351302785265 0.004492362982929021
2459250.69017 2021-02-05.1869373 bE 1.53 17.881 13.897 0.006 10.031 0.051 g 59250.19016999984 0.9012578616352201 0.004582210242587601
2459251.33792 2021-02-05.8346799 bm 1.5 18.141 13.933 0.005 9.702 0.04 g 59250.837919999845 0.8716981132075471 0.0035938903863432163
2459251.59296 2021-02-06.0897231 bi 1.5 17.937 13.924 0.005 9.778 0.049 g 59251.09296000004 0.8785265049415992 0.00440251572327044
2459251.77274 2021-02-06.2695021 bE 1.49 17.916 13.901 0.005 9.995 0.05 g 59251.27273999993 0.8980233602875111 0.004492362982929021
2459252.48962 2021-02-06.9863782 bm 1.52 18.256 13.909 0.004 9.92 0.036 g 59251.989620000124 0.8912848158131176 0.0032345013477088945
2459252.67888 2021-02-07.1756373 bE 1.46 17.878 13.924 0.006 9.778 0.051 g 59252.17888000002 0.8785265049415992 0.004582210242587601
2459253.83074 2021-02-08.3274869 bi 1.49 17.611 14.027 0.008 8.9 0.066 g 59253.33074000012 0.7996406109613656 0.005929919137466307
2459254.31341 2021-02-08.8101635 bm 1.52 17.977 13.995 0.006 9.165 0.047 g 59253.813409999944 0.8234501347708894 0.0042228212039532795
2459254.78179 2021-02-09.2785381 bE 1.5 17.79 13.944 0.006 9.599 0.056 g 59254.28178999992 0.8624438454627134 0.005031446540880503
2459255.31302 2021-02-09.8097707 bm 1.56 18.425 13.902 0.003 9.986 0.031 g 59254.81301999977 0.897214734950584 0.0027852650494159924
2459255.58214 2021-02-10.0788877 bi 1.48 17.765 13.94 0.006 9.64 0.057 g 59255.08214000007 0.8661275831087152 0.005121293800539084
2459256.29702 2021-02-10.7937649 bm 1.52 18.314 13.927 0.004 9.755 0.034 g 59255.79701999994 0.8764600179694519 0.003054806828391734
2459256.58722 2021-02-11.0839694 bE 1.49 17.743 13.892 0.006 10.075 0.058 g 59256.0872200001 0.9052111410601975 0.0052111410601976636
2459257.53834 2021-02-12.0350873 bE 1.51 17.945 13.899 0.005 10.007 0.048 g 59257.03833999997 0.8991015274034141 0.004312668463611859
2459258.69809 2021-02-13.1948278 bi 1.41 17.788 13.938 0.006 9.656 0.056 g 59258.19809000008 0.8675651392632525 0.005031446540880503
2459259.505 2021-02-14.0017357 bm 1.48 17.983 13.974 0.005 9.345 0.047 g 59259.00499999989 0.839622641509434 0.0042228212039532795
2459259.84144 2021-02-14.3381799 bE 1.49 17.669 13.949 0.007 9.559 0.062 g 59259.341440000106 0.8588499550763701 0.005570530098831985
2459260.75565 2021-02-15.2523923 bE 1.54 17.812 13.928 0.006 9.749 0.054 g 59260.25565000018 0.8759209344115004 0.004851752021563342
2459261.36099 2021-02-15.8577380 bm 2.18 17.966 13.946 0.005 9.588 0.047 g 59260.86098999996 0.8614555256064689 0.0042228212039532795
2459261.78459 2021-02-16.2813342 bi 1.46 17.73 13.969 0.007 9.385 0.059 g 59261.28458999982 0.843216531895777 0.0053009883198562435
2459262.53925 2021-02-17.0360003 bE 1.62 17.796 13.964 0.006 9.428 0.055 g 59262.039249999914 0.8470799640610962 0.004941599281221922
2459263.35629 2021-02-17.8530444 bm 1.6 17.506 14.039 0.009 8.796 0.072 g 59262.856290000025 0.7902964959568732 0.006469002695417789
2459263.5659 2021-02-18.0626578 bi 1.4 17.545 14.041 0.009 8.783 0.07 g 59263.06589999981 0.7891284815813117 0.006289308176100629
2459264.31911 2021-02-18.8158770 bm 1.52 17.854 14.002 0.006 9.104 0.052 g 59263.81911000004 0.817969451931716 0.004672057502246181
2459265.4063 2021-02-19.9030738 bm 1.58 18.141 13.947 0.005 9.575 0.04 g 59264.906299999915 0.8602875112309073 0.0035938903863432163
2459265.76808 2021-02-20.2648581 bE 1.56 17.947 13.917 0.005 9.846 0.048 g 59265.268079999834 0.8846361185983826 0.004312668463611859
2459265.79123 2021-02-20.2880101 bi 1.44 17.793 13.928 0.006 9.747 0.055 g 59265.29123000009 0.8757412398921832 0.004941599281221922
2459266.43096 2021-02-20.9277421 bm 2.12 18.063 13.958 0.005 9.479 0.043 g 59265.93096000003 0.8516621743036836 0.0038634321653189573
2459266.76421 2021-02-21.2610021 bi 1.5 17.681 13.978 0.007 9.31 0.061 g 59266.26421000017 0.8364779874213837 0.005480682839173405
2459266.79407 2021-02-21.2908516 bE 1.47 17.733 13.973 0.007 9.352 0.059 g 59266.29406999983 0.840251572327044 0.0053009883198562435
2459267.78341 2021-02-22.2802009 bi 1.36 17.632 13.995 0.008 9.167 0.064 g 59267.28341000015 0.8236298292902066 0.005750224618149146
2459268.3826 2021-02-22.8794013 bm 1.51 17.732 14.02 0.007 8.953 0.059 g 59267.88260000013 0.8044025157232704 0.0053009883198562435
2459270.49177 2021-02-24.9885937 bm 1.58 16.91 14.01 0.015 9.035 0.125 g 59269.9917700002 0.811769991015274 0.011230907457322551
2459272.27901 2021-02-26.7758561 bm 1.58 17.056 14.068 0.014 8.564 0.109 g 59271.77901000017 0.7694519317160826 0.009793351302785264
2459272.5394 2021-02-27.0362454 bE 1.52 17.121 14.051 0.013 8.705 0.103 g 59272.039400000125 0.7821203953279424 0.009254267744833782
2459273.45508 2021-02-27.9519440 bm 1.57 16.866 13.9 0.014 10.003 0.13 g 59272.95508000022 0.8987421383647798 0.011680143755615453
2459273.51908 2021-02-28.0159532 bE 1.49 17.364 13.941 0.009 9.629 0.082 g 59273.01908 0.8651392632524707 0.007367475292003594
2459274.75254 2021-03-01.2494295 bi 1.41 16.884 13.963 0.015 9.437 0.128 g 59274.25253999978 0.8478885893980233 0.011500449236298293
2459275.76807 2021-03-02.2649675 bi 1.43 17.029 14.018 0.014 8.967 0.112 g 59275.268070000224 0.8056603773584906 0.010062893081761006
2459276.52162 2021-03-03.0185386 bi 2.18 17.845 13.943 0.006 9.609 0.053 g 59276.02161999978 0.8633423180592992 0.0047619047619047615
2459277.28676 2021-03-03.7836920 bm 1.53 17.938 13.996 0.006 9.156 0.049 g 59276.786760000046 0.8226415094339623 0.00440251572327044
2459277.52446 2021-03-04.0213986 bi 1.65 17.621 14.02 0.008 8.951 0.065 g 59277.024459999986 0.8042228212039533 0.005840071877807726
2459277.65464 2021-03-04.151575 bE 1.5 17.581 14.001 0.008 9.109 0.067 g 59277.15463999985 0.818418688230009 0.006019766397124888
2459278.37227 2021-03-04.8692214 bm 1.6 17.755 14.023 0.007 8.932 0.057 g 59277.87227000017 0.8025157232704402 0.005121293800539084
2459278.59875 2021-03-05.0957048 bi 1.41 17.7 13.981 0.007 9.284 0.06 g 59278.09874999989 0.8341419586702605 0.005390835579514824
2459279.25136 2021-03-05.7483284 bm 2.05 17.857 13.974 0.006 9.34 0.052 g 59278.75136000011 0.839173405211141 0.004672057502246181
2459279.60952 2021-03-06.1064932 bi 1.47 17.737 13.966 0.007 9.414 0.058 g 59279.10951999994 0.845822102425876 0.0052111410601976636
2459279.77924 2021-03-06.2762166 bE 1.46 17.64 13.926 0.007 9.768 0.064 g 59279.27924000006 0.8776280323450135 0.005750224618149146
2459280.29876 2021-03-06.79575 bm 1.51 17.795 13.996 0.007 9.157 0.055 g 59279.79876000015 0.8227313566936207 0.004941599281221922
2459280.54454 2021-03-07.0415364 bE 1.52 17.748 13.98 0.007 9.29 0.058 g 59280.04454000015 0.8346810422282119 0.0052111410601976636
2459280.63845 2021-03-07.1354487 bi 1.43 17.769 13.989 0.007 9.216 0.057 g 59280.13844999997 0.828032345013477 0.005121293800539084
2459282.66774 2021-03-09.1647782 bE 1.45 17.722 13.991 0.007 9.192 0.059 g 59282.167739999946 0.8258760107816712 0.0053009883198562435
2459283.71405 2021-03-10.2111278 bi 1.36 17.882 13.91 0.006 9.909 0.051 g 59283.21405000007 0.8902964959568733 0.004582210242587601
2459283.75613 2021-03-10.2532049 bE 1.51 17.761 13.905 0.006 9.957 0.057 g 59283.25613000011 0.8946091644204852 0.005121293800539084
2459284.61669 2021-03-11.1137969 bi 1.43 17.903 13.916 0.006 9.856 0.05 g 59284.11669000005 0.8855345911949685 0.004492362982929021
2459286.48767 2021-03-12.9848162 bm 1.53 17.682 14.041 0.008 8.782 0.061 g 59285.98767000018 0.7890386343216531 0.005480682839173405
