data/asassn/obs_ASASSN.ecsv
# %ECSV 1.0
# ---
# datatype:
# - {name: HJD, datatype: float64}
# - {name: UT Date, datatype: string}
# - {name: Camera, datatype: string}
# - {name: FWHM, datatype: float64}
# - {name: Limit, datatype: float64}
# - {name: mag, datatype: float64}
# - {name: mag_err, datatype: float64}
# - {name: flux(mJy), datatype: float64}
# - {name: flux_err, datatype: float64}
# - {name: Filter, datatype: string}
# - {name: MJD, datatype: float64}
# - {name: fnorm, datatype: float64}
# - {name: fnormerr, datatype: float64}
# schema: astropy-2.0
HJD "UT Date" Camera FWHM Limit mag mag_err flux(mJy) flux_err Filter MJD fnorm fnormerr
[from data line 842]
2459549.53642 2021-12-01.0355337 bm 1.55 16.809 15.514 0.066 2.262 0.137 g 59549.036419999786 0.20323450134770887 0.012309074573225517
2459549.67455 2021-12-01.1736685 bi 1.41 16.828 15.402 0.058 2.508 0.135 g 59549.17455000011 0.22533692722371967 0.012129380053908356
2459549.69044 2021-12-01.1895478 bE 1.48 16.916 15.38 0.053 2.558 0.124 g 59549.190440000035 0.22982929020664866 0.01114106019766397
2459550.69048 2021-12-02.1895224 bi 1.45 16.961 14.999 0.036 3.635 0.119 g 59550.190479999874 0.3265947888589398 0.010691823899371069
2459551.74766 2021-12-03.2466430 bi 1.47 16.907 15.294 0.049 2.77 0.125 g 59551.24765999988 0.24887690925426773 0.011230907457322551
2459555.64589 2021-12-07.1446736 bE 1.48 17.12 14.591 0.021 5.29 0.103 g 59555.14588999981 0.47529200359389034 0.009254267744833782
2459557.65113 2021-12-09.1497972 bE 1.56 17.358 14.269 0.013 7.121 0.083 g 59557.15113000013 0.6398023360287511 0.007457322551662174
2459558.63202 2021-12-10.1306422 bE 1.52 17.067 14.613 0.023 5.187 0.108 g 59558.1320199999 0.4660377358490566 0.009703504043126684
2459558.67356 2021-12-10.1721829 bi 1.43 17.014 14.7 0.026 4.788 0.114 g 59558.173560000025 0.43018867924528303 0.010242587601078167
2459559.39684 2021-12-10.8954252 bm 1.65 17.118 14.333 0.017 6.712 0.103 g 59558.89684000006 0.6030548068283916 0.009254267744833782
2459560.63566 2021-12-12.1341799 bE 1.54 17.226 14.243 0.014 7.294 0.093 g 59560.135660000145 0.6553459119496855 0.008355795148247977
2459562.64028 2021-12-14.1386990 bE 1.58 17.148 14.295 0.016 6.953 0.1 g 59562.140279999934 0.6247079964061096 0.008984725965858042
2459563.65729 2021-12-15.1556589 bE 1.48 17.297 14.255 0.013 7.211 0.088 g 59563.15729 0.6478885893980233 0.007906558849955076
2459564.72441 2021-12-16.2227243 bE 1.44 17.15 14.24 0.015 7.311 0.1 g 59564.22440999979 0.6568733153638814 0.008984725965858042
2459565.76795 2021-12-17.2662142 bi 1.41 16.867 14.565 0.026 5.422 0.13 g 59565.267949999776 0.48715184186882293 0.011680143755615453
2459567.65527 2021-12-19.1534442 bi 1.46 16.579 14.399 0.029 6.316 0.17 g 59567.15526999999 0.5674752920035938 0.015274034141958671
2459570.83019 2021-12-22.3282258 bi 1.46 16.968 14.316 0.019 6.815 0.119 g 59570.330190000124 0.6123090745732255 0.010691823899371069
2459573.80181 2021-12-25.2997047 bi 1.51 16.806 15.321 0.055 2.702 0.138 g 59573.30181000009 0.24276729559748425 0.012398921832884097
2459576.616 2021-12-28.1137800 bi 1.44 16.984 14.877 0.031 4.065 0.117 g 59576.11599999992 0.36522911051212936 0.010512129380053909
2459577.82864 2021-12-29.3263590 bE 1.49 17.04 14.786 0.027 4.422 0.111 g 59577.32863999996 0.3973045822102425 0.009973045822102426
2459579.6326 2021-12-31.1302490 bE 1.5 16.965 15.121 0.04 3.248 0.119 g 59579.13260000013 0.2918238993710692 0.010691823899371069
2459580.69442 2022-01-01.1920265 bE 1.47 16.928 15.443 0.055 2.414 0.123 g 59580.19442000007 0.21689128481581313 0.01105121293800539
2459581.73916 2022-01-02.2367222 bi 1.4 16.904 15.199 0.045 3.022 0.126 g 59581.23915999988 0.27151841868822996 0.011320754716981131
2459583.5756 2022-01-04.0731021 bi 1.47 16.895 15.103 0.042 3.304 0.127 g 59583.0756000001 0.2968553459119497 0.011410601976639711
2459584.639 2022-01-05.1364539 bE 1.48 17.042 14.905 0.03 3.961 0.111 g 59584.13899999997 0.35588499550763697 0.009973045822102426
2459585.82578 2022-01-06.3231996 bE 1.44 17.054 14.85 0.029 4.167 0.11 g 59585.32578000007 0.37439353099730455 0.009883198562443844
2459586.80397 2022-01-07.3013539 bi 1.44 16.824 15.55 0.067 2.187 0.135 g 59586.303969999775 0.19649595687331534 0.012129380053908356
2459587.60455 2022-01-08.1019023 bE 1.51 16.983 15.071 0.037 3.4 0.117 g 59587.104549999814 0.3054806828391734 0.010512129380053909
2459588.6094 2022-01-09.1067186 bE 1.45 16.953 15.199 0.043 3.023 0.12 g 59588.10939999996 0.27160826594788856 0.010781671159029648
2459591.81455 2022-01-12.3117724 bE 1.49 17.091 14.667 0.023 4.933 0.106 g 59591.31454999978 0.44321653189577714 0.009523809523809523
2459594.86695 2022-01-15.3640787 bi 1.4 16.831 14.84 0.035 4.209 0.134 g 59594.36695000017 0.3781671159029649 0.012039532794249776
2459595.79316 2022-01-16.290275 bi 1.46 16.804 14.631 0.029 5.098 0.138 g 59595.293159999885 0.4580413297394429 0.012398921832884097
2459597.69594 2022-01-18.1930079 bi 1.45 16.584 15.12 0.056 3.252 0.169 g 59597.195940000005 0.2921832884097035 0.01518418688230009
2459598.73181 2022-01-19.2288506 bE 1.54 16.888 14.841 0.033 4.205 0.128 g 59598.231809999794 0.3778077268643306 0.011500449236298293
2459600.68539 2022-01-21.1823804 bE 2.02 17.049 14.687 0.025 4.845 0.11 g 59600.18539000023 0.43530997304582203 0.009883198562443844
2459601.85226 2022-01-22.3492261 bE 1.55 16.902 14.957 0.036 3.777 0.126 g 59601.35226000007 0.3393530997304582 0.011320754716981131
2459602.64183 2022-01-23.1387761 bi 1.49 16.975 14.738 0.028 4.62 0.118 g 59602.141830000095 0.4150943396226415 0.010601976639712487
2459603.82519 2022-01-24.3221142 bE 1.58 17.059 14.67 0.024 4.919 0.109 g 59603.32518999977 0.44195867026055696 0.009793351302785264
2459605.84421 2022-01-26.3410959 bE 1.51 17.076 14.628 0.023 5.115 0.107 g 59605.34420999978 0.4595687331536388 0.009613656783468103
2459606.62856 2022-01-27.1254348 bi 1.46 17.012 14.694 0.026 4.813 0.114 g 59606.1285600001 0.4324348607367475 0.010242587601078167
2459608.34474 2022-01-28.8415858 bm 2.12 17.012 14.727 0.026 4.668 0.114 g 59607.84474000009 0.41940700808625336 0.010242587601078167
2459609.69538 2022-01-30.1922151 bE 1.53 17.061 14.827 0.028 4.258 0.109 g 59609.19537999993 0.38256963162623536 0.009793351302785264
2459610.6374 2022-01-31.1342144 bE 1.49 16.985 15.164 0.041 3.122 0.117 g 59610.13739999989 0.28050314465408804 0.010512129380053909
2459611.69608 2022-02-01.1928943 bE 1.48 16.958 15.32 0.048 2.703 0.12 g 59611.19608000014 0.24285714285714283 0.010781671159029648
2459612.71217 2022-02-02.2089762 bi 1.45 16.881 15.159 0.045 3.137 0.128 g 59612.21217000019 0.2818508535489667 0.011500449236298293
2459613.81649 2022-02-03.3132754 bi 1.44 16.775 15.906 0.098 1.577 0.142 g 59613.316490000114 0.1416891284815813 0.012758310871518417
2459614.37471 2022-02-03.8714984 bm 1.56 16.958 14.972 0.035 3.725 0.12 g 59613.87471000012 0.33468104222821204 0.010781671159029648
2459614.81671 2022-02-04.3134849 bE 1.44 17.059 14.798 0.027 4.372 0.109 g 59614.31670999993 0.3928122192273135 0.009793351302785264
2459616.65855 2022-02-06.1553114 bE 1.49 17.287 14.343 0.014 6.65 0.088 g 59616.15854999982 0.5974842767295597 0.007906558849955076
2459616.66821 2022-02-06.1649745 bi 1.46 17.176 14.391 0.017 6.364 0.098 g 59616.1682099998 0.5717879604672057 0.00880503144654088
2459617.69104 2022-02-07.1877983 bE 1.51 17.274 14.337 0.015 6.69 0.089 g 59617.19103999995 0.601078167115903 0.007996406109613656
2459619.42755 2022-02-08.9242917 bm 2.47 17.193 14.418 0.017 6.206 0.096 g 59618.92755000014 0.55759209344115 0.008625336927223719
2459619.57317 2022-02-09.0699185 bi 1.44 17.072 14.529 0.021 5.601 0.108 g 59619.07317000022 0.5032345013477089 0.009703504043126684
2459620.56814 2022-02-10.0648871 bE 1.55 17.071 14.709 0.025 4.746 0.108 g 59620.068140000105 0.42641509433962266 0.009703504043126684
2459621.61859 2022-02-11.1153334 bE 1.49 17.048 14.535 0.021 5.573 0.11 g 59621.118590000086 0.5007187780772686 0.009883198562443844
2459622.63992 2022-02-12.1366692 bi 1.43 16.87 14.622 0.027 5.144 0.13 g 59622.13991999999 0.46217430368373763 0.011680143755615453
2459622.66676 2022-02-12.1635118 bE 1.48 17.008 14.647 0.025 5.028 0.114 g 59622.166759999935 0.45175202156334227 0.010242587601078167
2459623.66858 2022-02-13.1653258 bE 1.47 16.952 14.552 0.024 5.485 0.12 g 59623.16857999982 0.49281221922731355 0.010781671159029648
2459624.641 2022-02-14.13775 bi 1.51 16.82 14.48 0.025 5.862 0.136 g 59624.14099999983 0.5266846361185984 0.012219227313566935
2459624.65583 2022-02-14.1525812 bE 1.47 17.008 14.503 0.022 5.741 0.114 g 59624.15583000006 0.5158131176999101 0.010242587601078167
2459625.66966 2022-02-15.1664061 bE 1.5 16.906 14.462 0.023 5.958 0.126 g 59625.16966000013 0.5353099730458221 0.011320754716981131
2459625.69357 2022-02-15.1903190 bi 1.44 16.711 14.419 0.026 6.203 0.15 g 59625.19357000012 0.5573225516621743 0.013477088948787061
2459626.74229 2022-02-16.2390368 bE 1.5 16.844 14.605 0.028 5.225 0.133 g 59626.242289999966 0.46945193171608257 0.011949685534591194
2459627.63181 2022-02-17.1285671 bi 1.4 16.761 14.85 0.037 4.167 0.143 g 59627.131810000166 0.37439353099730455 0.012848158131176996
2459628.31943 2022-02-17.8161871 bm 2.49 16.619 15.189 0.058 3.05 0.164 g 59627.81943000015 0.2740341419586702 0.014734950584007188
2459628.53603 2022-02-18.0327868 bi 2.0 16.823 15.356 0.056 2.616 0.135 g 59628.036030000076 0.23504043126684634 0.012129380053908356
2459630.45343 2022-02-19.9501960 bm 1.55 16.739 15.278 0.057 2.811 0.146 g 59629.95343000023 0.2525606469002695 0.013117699910152738
2459632.51816 2022-02-22.0149496 bm 1.55 16.779 15.317 0.057 2.711 0.141 g 59632.01815999998 0.24357592093441147 0.012668463611859837
2459633.71071 2022-02-23.2075097 bE 1.49 17.102 14.713 0.024 4.731 0.105 g 59633.21070999978 0.4250673854447439 0.009433962264150943
2459634.80394 2022-02-24.3007442 bi 1.42 16.976 14.736 0.028 4.629 0.118 g 59634.30394000001 0.4159029649595687 0.010601976639712487
2459635.79891 2022-02-25.2957351 bi 1.49 16.921 14.779 0.03 4.451 0.124 g 59635.298909999896 0.39991015274034136 0.01114106019766397
2459636.76607 2022-02-26.2629049 bi 1.49 16.989 14.895 0.032 3.999 0.116 g 59636.266069999896 0.35929919137466304 0.010422282120395327
2459637.68562 2022-02-27.1824657 bi 1.42 17.23 14.4 0.016 6.308 0.093 g 59637.18562000012 0.5667565139263252 0.008355795148247977
2459638.71879 2022-02-28.2156546 bi 1.4 17.223 14.403 0.016 6.295 0.094 g 59638.21878999984 0.5655884995507636 0.008445642407906559
2459639.76697 2022-03-01.2638519 bi 1.43 17.192 14.329 0.016 6.739 0.096 g 59639.26697000023 0.6054806828391733 0.008625336927223719
2459639.8022 2022-03-01.2990771 bE 1.51 17.27 14.312 0.014 6.845 0.09 g 59639.3021999998 0.6150044923629828 0.008086253369272236
2459640.64547 2022-03-02.1423758 bi 1.46 17.151 14.422 0.018 6.184 0.1 g 59640.14546999987 0.5556154537286613 0.008984725965858042
2459642.74643 2022-03-04.2433614 bi 1.44 17.267 14.331 0.015 6.722 0.09 g 59642.246429999825 0.6039532794249776 0.008086253369272236
2459644.43936 2022-03-05.9363363 bm 1.55 17.236 14.342 0.015 6.654 0.093 g 59643.93936000019 0.597843665768194 0.008355795148247977
2459645.76449 2022-03-07.2614964 bi 1.44 17.359 14.258 0.012 7.191 0.083 g 59645.26448999997 0.6460916442048517 0.007457322551662174
2459646.6174 2022-03-08.1144142 bE 1.47 17.344 14.288 0.013 6.994 0.084 g 59646.11739999987 0.6283917340521114 0.007547169811320755
2459646.65066 2022-03-08.1476792 bi 1.46 17.328 14.295 0.013 6.95 0.085 g 59646.15065999981 0.6244384546271339 0.0076370170709793355
2459647.70871 2022-03-09.2057502 bE 1.46 17.384 14.273 0.012 7.09 0.081 g 59647.20870999992 0.637017070979335 0.007277628032345013
2459648.66885 2022-03-10.1659172 bE 1.52 17.29 14.356 0.015 6.569 0.088 g 59648.16885000002 0.5902066486972147 0.007906558849955076
2459648.69064 2022-03-10.1877101 bi 1.46 17.297 14.338 0.014 6.679 0.088 g 59648.19064000016 0.6000898472596585 0.007906558849955076
2459649.56478 2022-03-11.0618701 bE 1.47 17.284 14.353 0.015 6.587 0.089 g 59649.06478000013 0.5918238993710692 0.007996406109613656
2459649.59455 2022-03-11.0916355 bi 1.4 17.244 14.355 0.015 6.578 0.092 g 59649.09455000004 0.5910152740341419 0.008265947888589397
2459650.56355 2022-03-12.0606697 bi 1.41 17.265 14.342 0.015 6.658 0.09 g 59650.06355000008 0.5982030548068283 0.008086253369272236
2459653.51976 2022-03-15.0169486 bE 1.49 17.104 14.411 0.018 6.248 0.105 g 59653.019760000054 0.5613656783468104 0.009433962264150943
2459653.75182 2022-03-15.2490142 bi 1.54 16.996 14.373 0.019 6.466 0.116 g 59653.25181999989 0.5809523809523809 0.010422282120395327
2459654.68957 2022-03-16.1867901 bi 1.49 17.032 14.353 0.018 6.591 0.112 g 59654.18956999993 0.5921832884097035 0.010062893081761006
2459655.50203 2022-03-16.9992821 bi 2.29 16.887 14.333 0.021 6.713 0.128 g 59655.00203000009 0.6031446540880503 0.011500449236298293
2459659.41026 2022-03-20.9076334 bm 1.58 16.832 14.515 0.026 5.678 0.134 g 59658.9102599998 0.5101527403414196 0.012039532794249776
2459660.67964 2022-03-22.1770638 bi 1.49 17.114 14.415 0.018 6.225 0.104 g 59660.17964000022 0.559299191374663 0.009344115004492361
2459661.69874 2022-03-23.1962034 bi 1.47 17.141 14.37 0.017 6.488 0.101 g 59661.198739999905 0.5829290206648697 0.009074573225516622
2459664.57733 2022-03-26.0748957 bE 1.47 17.465 14.176 0.011 7.759 0.075 g 59664.07732999977 0.6971248876909254 0.0067385444743935305
2459665.7143 2022-03-27.2119059 bE 1.61 17.414 14.187 0.011 7.679 0.079 g 59665.21430000011 0.689937106918239 0.007097933513027852
2459666.59035 2022-03-28.0879881 bi 1.41 17.33 14.261 0.013 7.169 0.085 g 59666.09035000019 0.6441150044923629 0.0076370170709793355
2459666.6236 2022-03-28.1212445 bE 1.49 17.37 14.259 0.012 7.185 0.082 g 59666.12360000005 0.6455525606469001 0.007367475292003594
2459667.71924 2022-03-29.2169239 bi 1.42 17.374 14.226 0.012 7.409 0.082 g 59667.219240000006 0.6656783468104223 0.007367475292003594
2459668.60272 2022-03-30.1004372 bE 1.53 17.318 14.316 0.014 6.817 0.086 g 59668.10271999985 0.6124887690925427 0.007726864330637915
2459669.69137 2022-03-31.1891339 bi 1.46 17.244 14.368 0.015 6.501 0.092 g 59669.19137000013 0.5840970350404312 0.008265947888589397
2459671.59153 2022-04-02.0893768 bE 1.44 17.365 14.277 0.013 7.065 0.082 g 59671.09152999986 0.6347708894878706 0.007367475292003594
2459672.59604 2022-04-03.0939256 bE 1.49 17.374 14.286 0.013 7.005 0.082 g 59672.09604000021 0.6293800539083557 0.007367475292003594
2459673.54287 2022-04-04.0407943 bi 1.44 17.099 14.629 0.022 5.108 0.105 g 59673.042870000005 0.4589398023360287 0.009433962264150943
2459673.58765 2022-04-04.0855746 bE 1.45 17.122 14.68 0.023 4.876 0.103 g 59673.08765000012 0.4380952380952381 0.009254267744833782
2459674.66422 2022-04-05.1621966 bi 1.42 17.224 14.421 0.016 6.188 0.094 g 59674.16422000015 0.5559748427672956 0.008445642407906559
2459676.52141 2022-04-07.0194726 bi 1.42 17.35 14.238 0.012 7.327 0.083 g 59676.021410000045 0.6583108715184186 0.007457322551662174
2459677.53454 2022-04-08.0326456 bE 1.47 17.389 14.224 0.012 7.423 0.08 g 59677.034539999906 0.6669362084456424 0.007187780772686433
2459678.60974 2022-04-09.1078953 bE 1.52 17.387 14.179 0.011 7.735 0.081 g 59678.10974000022 0.6949685534591195 0.007277628032345013
2459679.61579 2022-04-10.1139915 bE 1.51 17.485 14.096 0.01 8.351 0.074 g 59679.115790000185 0.7503144654088051 0.00664869721473495
2459680.59724 2022-04-11.0954899 bE 1.53 17.452 14.122 0.01 8.149 0.076 g 59680.09724000003 0.7321653189577717 0.00682839173405211
2459680.61622 2022-04-11.1144818 bi 1.42 17.427 14.116 0.01 8.2 0.078 g 59680.1162200002 0.7367475292003592 0.007008086253369272
2459681.62362 2022-04-12.1219248 bi 1.42 17.358 14.158 0.011 7.884 0.083 g 59681.1236200002 0.708355795148248 0.007457322551662174
2459682.66414 2022-04-13.1624966 bi 1.54 17.125 14.156 0.014 7.902 0.103 g 59682.16414000001 0.7099730458221024 0.009254267744833782
2459683.66412 2022-04-14.1625170 bi 1.42 17.027 14.075 0.014 8.511 0.112 g 59683.164119999856 0.7646900269541778 0.010062893081761006
2459685.62784 2022-04-16.1263406 bi 1.53 16.865 14.166 0.018 7.825 0.13 g 59685.127840000205 0.7030548068283917 0.011680143755615453
2459685.64474 2022-04-16.1432361 bE 1.5 16.967 14.167 0.017 7.817 0.119 g 59685.1447399999 0.7023360287511231 0.010691823899371069
2459688.39358 2022-04-18.8922152 bm 1.61 15.639 14.486 0.075 5.828 0.403 g 59687.893579999916 0.5236298292902066 0.036208445642407903
2459691.64173 2022-04-22.1405356 bE 1.49 17.287 14.302 0.014 6.906 0.088 g 59691.1417299998 0.6204851752021563 0.007906558849955076
