data/atlas/obs_ATLAS.ecsv
# %ECSV 1.0
# ---
# datatype:
# - {name: MJD, datatype: float64}
# - {name: m, datatype: float64}
# - {name: dm, datatype: float64}
# - {name: uJy, datatype: int64}
# - {name: duJy, datatype: int64}
# - {name: F, datatype: string}
# - {name: err, datatype: int64}
# - {name: chi/N, datatype: float64}
# - {name: RA, datatype: float64}
# - {name: Dec, datatype: float64}
# - {name: x, datatype: float64}
# - {name: y, datatype: float64}
# - {name: maj, datatype: float64}
# - {name: min, datatype: float64}
# - {name: phi, datatype: float64}
# - {name: apfit, datatype: float64}
# - {name: mag5sig, datatype: float64}
# - {name: Sky, datatype: float64}
# - {name: Obs, datatype: string}
# - {name: fnorm, datatype: float64}
# - {name: fnormerr, datatype: float64}
# schema: astropy-2.0
MJD m dm uJy duJy F err chi/N RA Dec x y maj min phi apfit mag5sig Sky Obs fnorm fnormerr
[from data line 98]
59205.544849 13.964 0.003 9427 33 c 0 3396.5 123.84754 -38.98983 3269.83 970.58 2.65 2.38 -68.4 -0.432 19.5 21.18 02a59205o0758c 0.7855833333333333 0.00275
59205.575413 13.933 0.004 9704 34 c 0 2237.91 123.84754 -38.98983 3287.81 854.2 2.68 2.4 -77.4 -0.423 19.45 21.25 02a59205o0824c 0.8086666666666666 0.0028333333333333335
59223.4793 13.888 0.003 10113 32 c 0 2433.3 123.84754 -38.98983 5374.09 3404.2 2.87 2.69 20.1 -0.339 19.49 21.61 01a59223o0616c 0.84275 0.0026666666666666666
59223.482529 13.923 0.003 9786 31 c 0 4272.61 123.84754 -38.98983 5395.15 3442.01 2.6 2.47 -5.9 -0.331 19.57 21.59 01a59223o0623c 0.8155 0.0025833333333333333
59223.517495 13.876 0.003 10228 34 c 0 1341.61 123.84754 -38.98983 5335.19 3363.99 3.03 2.87 -39.5 -0.31 19.29 21.43 01a59223o0698c 0.8523333333333334 0.0028333333333333335
59223.545945 13.843 0.004 10539 40 c 0 725.9 123.84754 -38.98983 5314.9 3479.11 3.1 3.07 -73.5 -0.326 18.84 21.01 01a59223o0759c 0.87825 0.0033333333333333335
59227.437391 13.863 0.003 10343 32 c 0 4429.54 123.84754 -38.98983 5129.99 860.78 2.61 2.47 79.0 -0.383 19.71 21.86 01a59227o0469c 0.8619166666666667 0.0026666666666666666
59227.440616 13.836 0.003 10612 32 c 0 3437.81 123.84754 -38.98983 5109.8 822.64 2.86 2.64 80.0 -0.371 19.65 21.86 01a59227o0476c 0.8843333333333333 0.0026666666666666666
59227.443383 13.852 0.003 10450 32 c 0 3224.46 123.84754 -38.98983 5166.85 901.53 2.95 2.82 16.5 -0.355 19.56 21.87 01a59227o0482c 0.8708333333333333 0.0026666666666666666
59227.44845 13.871 0.003 10271 33 c 0 2162.45 123.84754 -38.98983 5185.57 785.6 3.25 2.75 -6.7 -0.392 19.5 21.86 01a59227o0493c 0.8559166666666667 0.00275
59229.425575 13.951 0.003 9545 33 c 0 3301.34 123.84754 -38.98983 7359.06 3325.26 2.56 2.33 38.4 -0.388 19.55 21.32 02a59229o0499c 0.7954166666666667 0.00275
59229.427419 13.949 0.003 9562 32 c 0 3131.48 123.84754 -38.98983 7378.87 3365.2 2.46 2.33 40.5 -0.392 19.58 21.32 02a59229o0503c 0.7968333333333333 0.0026666666666666666
59229.430619 14.039 0.003 8796 31 c 0 5793.96 123.84754 -38.98983 7321.78 3285.59 2.45 2.31 43.0 -0.389 19.58 21.34 02a59229o0510c 0.733 0.0025833333333333333
59229.435661 14.091 0.004 8390 31 c 0 5393.21 123.84754 -38.98983 7301.09 3400.36 2.39 2.33 88.7 -0.389 19.56 21.35 02a59229o0521c 0.6991666666666667 0.0025833333333333333
59231.419572 13.881 0.003 10173 32 c 0 2416.18 123.84754 -38.98983 5130.44 859.09 3.09 2.7 82.0 -0.373 19.52 21.59 01a59231o0354c 0.84775 0.0026666666666666666
59231.422337 13.89 0.003 10092 32 c 0 3744.04 123.84754 -38.98983 5114.35 822.22 2.92 2.45 82.8 -0.389 19.57 21.62 01a59231o0360c 0.841 0.0026666666666666666
59231.4251 13.933 0.003 9705 32 c 0 3461.41 123.84754 -38.98983 5170.64 900.72 2.97 2.48 86.4 -0.382 19.56 21.63 01a59231o0366c 0.80875 0.0026666666666666666
59231.431566 13.861 0.003 10370 33 c 0 2638.53 123.84754 -38.98983 5188.48 783.79 2.98 2.6 86.0 -0.384 19.54 21.65 01a59231o0380c 0.8641666666666666 0.00275
59251.408947 14.004 0.003 9084 32 c 0 1817.47 123.84754 -38.98983 8256.92 6990.01 3.2 2.49 -83.9 -0.39 19.44 21.4 01a59251o0439c 0.757 0.0026666666666666666
59251.41217 14.016 0.003 8989 31 c 0 2551.39 123.84754 -38.98983 8276.75 7028.67 3.11 2.42 -84.5 -0.388 19.44 21.4 01a59251o0446c 0.7490833333333333 0.0025833333333333333
59251.418191 14.019 0.003 8962 31 c 0 2864.9 123.84754 -38.98983 8218.56 6949.59 3.15 2.48 -84.4 -0.392 19.43 21.42 01a59251o0459c 0.7468333333333333 0.0025833333333333333
59251.429266 13.953 0.003 9521 33 c 0 1431.74 123.84754 -38.98983 8199.85 7063.69 3.08 2.62 -89.2 -0.376 19.44 21.47 01a59251o0483c 0.7934166666666667 0.00275
59253.415605 14.038 0.004 8805 33 c 0 2532.7 123.84754 -38.98983 1317.06 9229.6 2.79 2.37 -53.0 -0.436 19.46 21.38 02a59253o0166c 0.73375 0.00275
59253.419275 13.975 0.004 9330 34 c 0 1165.43 123.84754 -38.98983 1297.78 9190.19 3.08 2.71 -47.6 -0.418 19.4 21.37 02a59253o0174c 0.7775 0.0028333333333333335
59253.427081 13.915 0.004 9865 34 c 0 664.25 123.84754 -38.98983 1358.38 9270.39 3.57 2.94 -25.8 -0.382 19.24 21.35 02a59253o0191c 0.8220833333333334 0.0028333333333333335
59253.441305 13.928 0.004 9742 35 c 0 710.78 123.84754 -38.98983 1381.19 9157.84 3.44 2.8 -19.0 -0.384 19.25 21.32 02a59253o0222c 0.8118333333333333 0.002916666666666667
59255.439052 13.942 0.003 9620 32 c 0 1202.11 123.84754 -38.98983 8258.15 7002.84 3.09 2.96 64.0 -0.34 19.39 21.56 01a59255o0486c 0.8016666666666666 0.0026666666666666666
59255.443198 13.929 0.003 9736 32 c 0 1155.04 123.84754 -38.98983 8278.26 7041.43 3.2 2.98 81.9 -0.336 19.33 21.56 01a59255o0495c 0.8113333333333334 0.0026666666666666666
59255.450134 13.894 0.003 10052 32 c 0 1085.09 123.84754 -38.98983 8219.21 6961.41 3.46 3.2 78.4 -0.332 19.25 21.58 01a59255o0510c 0.8376666666666667 0.0026666666666666666
59255.485598 13.911 0.003 9898 34 c 0 1107.26 123.84754 -38.98983 8196.85 7082.18 3.37 2.91 90.0 -0.351 19.25 21.55 01a59255o0586c 0.8248333333333333 0.0028333333333333335
59257.381491 13.933 0.003 9700 33 c 0 2330.65 123.84754 -38.98983 1315.5 9230.89 2.64 2.55 0.9 -0.422 19.46 21.39 02a59257o0381c 0.8083333333333333 0.00275
59257.384692 13.945 0.003 9596 33 c 0 2956.63 123.84754 -38.98983 1296.07 9191.98 2.63 2.57 -3.9 -0.425 19.44 21.39 02a59257o0388c 0.7996666666666666 0.00275
59257.390182 13.921 0.004 9811 34 c 0 2453.05 123.84754 -38.98983 1356.57 9271.73 2.6 2.5 29.5 -0.442 19.4 21.4 02a59257o0400c 0.8175833333333333 0.0028333333333333335
59257.425437 13.893 0.003 10064 35 c 0 1572.39 123.84754 -38.98983 1379.37 9149.66 2.67 2.54 42.2 -0.427 19.43 21.42 02a59257o0476c 0.8386666666666667 0.002916666666666667
59259.38856 13.91 0.003 9904 31 c 0 2130.94 123.84754 -38.98983 7161.27 1377.55 2.85 2.7 -52.2 -0.355 19.42 21.42 01a59259o0210c 0.8253333333333334 0.0025833333333333333
59259.395004 14.017 0.003 8975 30 c 0 5131.8 123.84754 -38.98983 7181.3 1414.94 2.44 2.35 -47.8 -0.379 19.59 21.45 01a59259o0224c 0.7479166666666667 0.0025
59259.398236 13.978 0.003 9308 30 c 0 3822.3 123.84754 -38.98983 7120.95 1336.05 2.54 2.41 -33.4 -0.362 19.59 21.45 01a59259o0231c 0.7756666666666666 0.0025
59259.408423 13.92 0.003 9822 31 c 0 2153.83 123.84754 -38.98983 7102.06 1451.62 2.91 2.73 -56.3 -0.35 19.43 21.48 01a59259o0253c 0.8185 0.0025833333333333333
59277.332644 14.169 0.004 7803 30 c 0 4876.68 123.84754 -38.98983 261.95 3064.79 2.52 2.46 -73.8 -0.384 19.41 21.23 02a59277o0262c 0.65025 0.0025
59277.335854 14.114 0.004 8210 32 c 0 2550.55 123.84754 -38.98983 239.11 3023.42 2.56 2.5 -68.7 -0.391 19.41 21.22 02a59277o0269c 0.6841666666666667 0.0026666666666666666
59277.343254 14.136 0.004 8044 30 c 0 4350.33 123.84754 -38.98983 300.31 3101.72 2.62 2.53 -71.0 -0.378 19.39 21.23 02a59277o0285c 0.6703333333333333 0.0025
59277.357024 14.136 0.004 8044 30 c 0 5207.6 123.84754 -38.98983 322.6 2987.01 2.57 2.51 -89.0 -0.385 19.38 21.26 02a59277o0315c 0.6703333333333333 0.0025
59289.3682 14.062 0.004 8613 31 c 0 4960.78 123.84754 -38.98983 7006.61 757.71 2.57 2.17 -63.8 -0.411 19.54 21.41 02a59289o0197c 0.71775 0.0025833333333333333
59289.371422 14.076 0.004 8500 31 c 0 5095.51 123.84754 -38.98983 6987.45 722.3 2.46 2.16 -76.3 -0.404 19.53 21.41 02a59289o0204c 0.7083333333333334 0.0025833333333333333
59289.377421 14.055 0.004 8666 31 c 0 5851.64 123.84754 -38.98983 7044.12 801.19 2.47 2.17 -74.6 -0.406 19.46 21.39 02a59289o0217c 0.7221666666666666 0.0025833333333333333
59289.405313 14.036 0.004 8819 33 c 0 3030.2 123.84754 -38.98983 7063.32 680.26 2.5 2.13 -66.1 -0.409 19.43 21.28 02a59289o0277c 0.7349166666666667 0.00275
59307.283983 14.012 0.003 9018 31 c 0 4076.36 123.84754 -38.98983 5165.68 1478.27 2.35 2.2 4.0 -0.382 19.57 20.98 01a59307o0123c 0.7515 0.0025833333333333333
59307.287216 13.999 0.003 9128 31 c 0 4556.91 123.84754 -38.98983 5185.76 1516.67 2.39 2.29 35.8 -0.382 19.48 20.96 01a59307o0130c 0.7606666666666667 0.0025833333333333333
59307.292756 13.991 0.003 9192 31 c 0 3966.25 123.84754 -38.98983 5125.87 1439.22 2.34 2.2 6.7 -0.381 19.58 21.02 01a59307o0142c 0.766 0.0025833333333333333
59307.303382 14.022 0.003 8938 30 c 0 5450.18 123.84754 -38.98983 5107.16 1555.6 2.38 2.36 51.1 -0.382 19.51 21.03 01a59307o0165c 0.7448333333333333 0.0025
59311.271446 14.006 0.004 9072 34 c 0 4782.25 123.84754 -38.98983 5165.41 1478.73 2.34 2.26 26.2 -0.384 19.38 20.96 01a59311o0117c 0.756 0.0028333333333333335
59311.274678 14.028 0.004 8890 36 c 0 2979.3 123.84754 -38.98983 5185.92 1517.19 2.27 2.2 27.3 -0.388 19.33 20.89 01a59311o0124c 0.7408333333333333 0.003
59311.28206 14.003 0.004 9092 34 c 0 4967.63 123.84754 -38.98983 5125.26 1439.17 2.36 2.28 7.0 -0.381 19.43 21.03 01a59311o0140c 0.7576666666666667 0.0028333333333333335
59311.292687 14.039 0.004 8801 32 c 0 6995.01 123.84754 -38.98983 5106.87 1555.02 2.27 2.14 7.2 -0.388 19.53 21.11 01a59311o0163c 0.7334166666666667 0.0026666666666666666
59315.286865 14.092 0.003 8381 29 c 0 8214.79 123.84754 -38.98983 2519.49 7331.8 2.17 1.96 -69.4 -0.404 19.76 21.26 01a59315o0148c 0.6984166666666667 0.002416666666666667
59315.290092 14.124 0.003 8138 28 c 0 10589.24 123.84754 -38.98983 2538.85 7369.68 2.26 2.02 -74.6 -0.407 19.71 21.26 01a59315o0155c 0.6781666666666667 0.0023333333333333335
59315.295637 14.114 0.004 8210 29 c 0 8324.88 123.84754 -38.98983 2481.74 7293.22 2.2 2.02 -70.3 -0.405 19.75 21.28 01a59315o0167c 0.6841666666666667 0.002416666666666667
59315.306695 14.023 0.003 8930 30 c 0 4611.13 123.84754 -38.98983 2463.08 7407.59 2.34 2.15 -75.8 -0.399 19.66 21.24 01a59315o0191c 0.7441666666666666 0.0025
59319.275795 14.085 0.004 8432 30 c 0 3188.05 123.84754 -38.98983 2518.42 7330.68 2.57 2.28 -77.6 -0.379 19.55 21.12 01a59319o0123c 0.7026666666666667 0.0025
59319.279021 14.159 0.004 7881 29 c 0 5635.53 123.84754 -38.98983 2538.25 7369.03 2.36 2.1 -67.8 -0.396 19.62 21.13 01a59319o0130c 0.65675 0.002416666666666667
59319.285489 14.15 0.004 7944 29 c 0 5126.86 123.84754 -38.98983 2480.66 7291.95 2.49 2.21 -75.9 -0.404 19.64 21.12 01a59319o0144c 0.662 0.002416666666666667
59319.295671 14.06 0.004 8627 30 c 0 3074.02 123.84754 -38.98983 2462.71 7407.14 2.6 2.3 -73.2 -0.393 19.6 21.15 01a59319o0166c 0.7189166666666666 0.0025
59337.238539 14.027 0.006 8895 55 c 0 399.42 123.84754 -38.98983 5129.07 864.2 2.5 2.16 -68.5 -0.425 17.95 19.03 02a59337o0025c 0.74125 0.004583333333333333
59337.241741 14.039 0.004 8802 39 c 0 1042.12 123.84754 -38.98983 5110.11 825.11 2.48 2.15 -69.6 -0.417 18.9 20.1 02a59337o0032c 0.7335 0.00325
59337.259583 13.948 0.006 9565 57 c 0 248.87 123.84754 -38.98983 5185.92 785.91 2.66 2.14 -60.7 -0.414 19.06 20.77 02a59337o0071c 0.7970833333333334 0.00475
59529.576917 15.071 0.007 3400 22 c 0 391.68 123.84754 -38.98983 5384.89 3396.54 2.52 2.21 35.3 -0.402 19.45 20.96 02a59529o0852c 0.2833333333333333 0.0018333333333333333
59529.580118 15.092 0.007 3336 22 c 0 412.1 123.84754 -38.98983 5404.58 3434.73 2.41 2.23 35.4 -0.404 19.45 20.95 02a59529o0859c 0.278 0.0018333333333333333
59529.583774 15.021 0.006 3563 23 c 0 314.12 123.84754 -38.98983 5345.25 3356.02 2.64 2.35 37.9 -0.4 19.36 20.94 02a59529o0867c 0.29691666666666666 0.0019166666666666666
59529.589297 15.046 0.006 3481 22 c 0 343.11 123.84754 -38.98983 5324.97 3471.87 2.7 2.49 39.9 -0.398 19.37 20.95 02a59529o0879c 0.29008333333333336 0.0018333333333333333
59585.51829 14.791 0.006 4403 26 c 0 297.95 123.84754 -38.98983 7329.86 9001.86 2.89 2.64 47.4 -0.391 19.3 21.02 02a59585o0560c 0.36691666666666667 0.0021666666666666666
59585.5215 14.798 0.006 4374 26 c 0 316.53 123.84754 -38.98983 7310.31 8964.91 2.87 2.59 44.3 -0.394 19.27 21.02 02a59585o0567c 0.3645 0.0021666666666666666
59585.52836 14.792 0.006 4399 27 c 0 279.22 123.84754 -38.98983 7371.31 9043.51 2.78 2.72 71.7 -0.398 19.26 21.02 02a59585o0582c 0.3665833333333333 0.00225
59585.538441 14.839 0.006 4210 26 c 0 397.19 123.84754 -38.98983 7391.92 8927.06 2.74 2.54 50.8 -0.404 19.33 21.03 02a59585o0604c 0.35083333333333333 0.0021666666666666666
58037.635279 13.616 0.003 12984 44 o 0 1718.56 123.84754 -38.98983 1666.5 4612.12 2.32 2.21 -22.2 -0.42 18.66 19.35 02a58037o0713o 0.8656 0.0029333333333333334
58039.63801 13.439 0.004 15291 59 o 0 86.94 123.84754 -38.98983 8060.02 8967.11 4.2 3.69 -86.6 -0.37 18.1 19.16 01a58039o0815o 1.0194 0.003933333333333333
58043.635532 13.43 0.003 15422 49 o 0 184.48 123.84754 -38.98983 9857.76 7280.27 4.6 3.77 -87.8 -0.359 18.53 20.06 01a58043o0958o 1.0281333333333333 0.003266666666666667
58043.636446 13.426 0.003 15475 51 o 0 161.93 123.84754 -38.98983 9840.63 7238.81 4.68 3.72 -88.0 -0.367 18.38 19.86 01a58043o0960o 1.0316666666666667 0.0034
58043.639675 13.497 0.004 14497 61 o 0 168.0 123.84754 -38.98983 64.1 7326.84 4.09 3.4 -88.3 -0.356 18.23 19.59 01a58043o0967o 0.9664666666666667 0.004066666666666666
58047.621296 13.479 0.003 14735 45 o 0 455.64 123.84754 -38.98983 7108.79 6810.81 3.8 3.16 -83.7 -0.417 18.71 20.07 01a58047o0931o 0.9823333333333333 0.003
58047.626798 13.419 0.003 15571 47 o 0 215.24 123.84754 -38.98983 7084.64 6755.0 4.06 3.48 84.3 -0.396 18.63 20.07 01a58047o0943o 1.0380666666666667 0.0031333333333333335
58047.634153 13.473 0.003 14819 45 o 0 424.99 123.84754 -38.98983 7120.89 6807.51 3.69 3.1 86.0 -0.415 18.72 20.0 01a58047o0959o 0.9879333333333333 0.003
58055.584969 13.452 0.003 15103 44 o 0 281.36 123.84754 -38.98983 6287.52 6723.57 4.21 3.87 79.5 -0.39 18.77 20.59 01a58055o0865o 1.0068666666666666 0.0029333333333333334
58055.59188 13.463 0.003 14957 44 o 0 516.34 123.84754 -38.98983 6259.23 6664.87 3.88 3.37 82.0 -0.425 18.89 20.6 01a58055o0880o 0.9971333333333333 0.0029333333333333334
58055.598775 13.471 0.003 14841 43 o 0 496.6 123.84754 -38.98983 6308.4 6721.02 3.95 3.46 -87.9 -0.403 18.86 20.61 01a58055o0895o 0.9894 0.0028666666666666667
58055.605686 13.493 0.003 14554 41 o 0 819.48 123.84754 -38.98983 6312.78 6583.52 3.64 3.21 89.8 -0.415 18.96 20.66 01a58055o0910o 0.9702666666666667 0.0027333333333333333
58059.585573 13.509 0.004 14333 60 o 0 172.51 123.84754 -38.98983 7582.34 6963.38 3.83 2.88 -87.5 -0.427 18.21 19.08 01a58059o0787o 0.9555333333333333 0.004
58059.593644 13.517 0.004 14234 52 o 0 341.65 123.84754 -38.98983 7554.08 6898.75 3.63 2.65 -87.5 -0.451 18.35 19.15 01a58059o0804o 0.9489333333333333 0.0034666666666666665
58059.601573 13.503 0.004 14420 57 o 0 178.29 123.84754 -38.98983 7602.35 6949.85 3.69 2.81 -88.6 -0.431 18.35 19.24 01a58059o0821o 0.9613333333333334 0.0038
58059.609414 13.487 0.004 14628 53 o 0 249.92 123.84754 -38.98983 7605.34 6807.46 3.76 2.92 -87.5 -0.43 18.41 19.42 01a58059o0838o 0.9752 0.003533333333333333
58063.591425 13.448 0.004 15164 63 o 0 85.14 123.84754 -38.98983 9810.82 7746.47 4.26 3.3 -88.5 -0.377 18.13 19.18 01a58063o0892o 1.0109333333333332 0.0042
58063.59515 13.47 0.004 14856 58 o 0 115.03 123.84754 -38.98983 9774.08 7695.93 4.26 3.27 -87.4 -0.384 18.2 19.2 01a58063o0900o 0.9904 0.0038666666666666667
58063.602972 13.425 0.004 15486 59 o 0 84.74 123.84754 -38.98983 9825.17 7745.71 4.29 3.5 -89.9 -0.369 18.23 19.24 01a58063o0917o 1.0324 0.003933333333333333
58063.610809 13.422 0.004 15538 57 o 0 84.7 123.84754 -38.98983 9844.57 7600.86 4.26 3.71 -89.0 -0.364 18.2 19.27 01a58063o0934o 1.0358666666666667 0.0038
58065.586881 13.701 0.005 12013 57 o 0 990.31 123.84754 -38.98983 2817.84 1988.52 2.13 1.98 52.9 -0.446 18.04 19.0 02a58065o0884o 0.8008666666666666 0.0038
58065.591047 13.842 0.005 10550 48 o 0 3829.79 123.84754 -38.98983 2847.01 2027.56 2.04 1.93 53.7 -0.445 17.43 18.44 02a58065o0893o 0.7033333333333334 0.0032
58067.576778 13.511 0.003 14305 43 o 0 705.0 123.84754 -38.98983 6317.68 8487.66 3.63 2.98 -87.7 -0.428 18.7 20.0 01a58067o0849o 0.9536666666666667 0.0028666666666666667
58067.587348 13.54 0.003 13932 43 o 0 918.97 123.84754 -38.98983 6272.03 8412.87 3.52 2.83 -86.1 -0.437 18.78 20.04 01a58067o0872o 0.9288 0.0028666666666666667
58067.595176 13.455 0.003 15061 44 o 0 423.22 123.84754 -38.98983 6323.22 8463.33 3.75 3.37 -82.3 -0.407 18.63 20.07 01a58067o0889o 1.0040666666666667 0.0029333333333333334
