data/atlas/obs_ATLAS.ecsv
# %ECSV 1.0
# ---
# datatype:
# - {name: MJD, datatype: float64}
# - {name: m, datatype: float64}
# - {name: dm, datatype: float64}
# - {name: uJy, datatype: int64}
# - {name: duJy, datatype: int64}
# - {name: F, datatype: string}
# - {name: err, datatype: int64}
# - {name: chi/N, datatype: float64}
# - {name: RA, datatype: float64}
# - {name: Dec, datatype: float64}
# - {name: x, datatype: float64}
# - {name: y, datatype: float64}
# - {name: maj, datatype: float64}
# - {name: min, datatype: float64}
# - {name: phi, datatype: float64}
# - {name: apfit, datatype: float64}
# - {name: mag5sig, datatype: float64}
# - {name: Sky, datatype: float64}
# - {name: Obs, datatype: string}
# - {name: fnorm, datatype: float64}
# - {name: fnormerr, datatype: float64}
# schema: astropy-2.0
MJD m dm uJy duJy F err chi/N RA Dec x y maj min phi apfit mag5sig Sky Obs fnorm fnormerr
[from data line 687]
58971.256355 13.622 0.003 12915 44 o 0 3230.48 123.84754 -38.98983 10242.12 7516.76 2.27 1.81 14.0 -0.471 18.77 19.38 01a58971o0052o 0.861 0.0029333333333333334
58971.264649 13.657 0.004 12507 44 o 0 2011.67 123.84754 -38.98983 535.37 7567.48 2.23 1.97 -22.9 -0.39 18.74 19.45 01a58971o0070o 0.8338 0.0029333333333333334
58973.237582 13.472 0.004 14830 66 o 0 147.73 123.84754 -38.98983 3650.53 5110.34 3.48 2.33 38.9 -0.374 17.77 17.96 02a58973o0021o 0.9886666666666667 0.0044
58973.240811 13.464 0.004 14937 56 o 0 262.43 123.84754 -38.98983 3628.5 5070.82 3.38 2.24 38.5 -0.379 18.16 18.46 02a58973o0028o 0.9958 0.0037333333333333333
58973.246348 13.488 0.004 14621 54 o 0 360.15 123.84754 -38.98983 3686.15 5149.09 3.33 2.22 38.6 -0.396 18.33 18.82 02a58973o0035o 0.9747333333333333 0.0036
58973.256459 13.518 0.004 14222 50 o 0 528.83 123.84754 -38.98983 3706.76 5031.3 3.25 2.14 41.9 -0.401 18.36 18.86 02a58973o0057o 0.9481333333333334 0.0033333333333333335
58975.234486 13.691 0.005 12127 59 o 0 782.54 123.84754 -38.98983 10298.46 7439.88 2.05 1.86 22.6 -0.443 17.96 17.7 01a58975o0020o 0.8084666666666667 0.003933333333333333
58975.237708 13.636 0.004 12749 57 o 0 696.09 123.84754 -38.98983 10318.32 7480.83 2.31 1.78 14.1 -0.429 18.21 18.2 01a58975o0027o 0.8499333333333333 0.0038
58975.240929 13.668 0.004 12382 50 o 0 1326.29 123.84754 -38.98983 592.31 7489.92 1.97 1.83 -18.6 -0.418 18.39 18.57 01a58975o0034o 0.8254666666666667 0.0033333333333333335
58975.243228 13.565 0.004 13617 53 o 0 834.56 123.84754 -38.98983 10258.33 7401.06 2.48 1.92 12.2 -0.444 18.23 18.52 01a58975o0039o 0.9078 0.003533333333333333
58975.244148 13.651 0.004 12577 52 o 0 970.05 123.84754 -38.98983 612.1 7527.25 2.28 2.08 -18.6 -0.388 18.34 18.61 01a58975o0041o 0.8384666666666667 0.0034666666666666665
58975.263836 13.611 0.004 13051 56 o 0 687.83 123.84754 -38.98983 552.27 7450.15 2.29 1.99 -23.3 -0.373 18.24 18.49 01a58975o0051o 0.8700666666666667 0.0037333333333333333
58975.269364 13.577 0.004 13461 51 o 0 975.8 123.84754 -38.98983 532.8 7567.21 2.11 1.93 -20.9 -0.396 18.27 18.53 01a58975o0063o 0.8974 0.0034
58979.238483 13.66 0.004 12468 47 o 0 979.29 123.84754 -38.98983 3585.93 9818.74 2.63 2.56 -1.5 -0.288 18.39 19.06 01a58979o0006o 0.8312 0.0031333333333333335
58979.241704 13.577 0.003 13462 45 o 0 1047.1 123.84754 -38.98983 3604.34 9856.78 2.62 2.36 4.3 -0.301 18.68 19.61 01a58979o0013o 0.8974666666666666 0.003
58979.249541 13.748 0.003 11498 39 o 0 4724.99 123.84754 -38.98983 3550.67 9780.06 2.22 2.08 13.8 -0.367 19.04 20.04 01a58979o0030o 0.7665333333333333 0.0026
58979.259679 13.682 0.003 12224 40 o 0 4735.9 123.84754 -38.98983 3532.62 9898.01 2.13 2.03 13.5 -0.397 19.06 20.09 01a58979o0052o 0.8149333333333333 0.0026666666666666666
59127.616913 13.559 0.003 13690 47 o 0 479.22 123.84754 -38.98983 3223.23 7242.49 3.08 2.97 -88.9 -0.355 18.37 19.25 01a59127o0904o 0.9126666666666666 0.0031333333333333335
59127.622467 13.555 0.004 13745 49 o 0 568.92 123.84754 -38.98983 3205.68 7204.43 2.97 2.81 -79.8 -0.381 18.44 19.31 01a59127o0916o 0.9163333333333333 0.003266666666666667
59127.626624 13.567 0.003 13589 47 o 0 591.52 123.84754 -38.98983 3264.05 7283.09 2.87 2.74 -10.4 -0.364 18.49 19.29 01a59127o0925o 0.9059333333333334 0.0031333333333333335
59127.642779 13.499 0.006 14473 85 o 0 79.31 123.84754 -38.98983 3288.77 7168.95 2.83 2.66 -24.4 -0.381 17.29 17.39 01a59127o0960o 0.9648666666666667 0.005666666666666667
59131.615187 13.602 0.003 13159 44 o 0 1344.6 123.84754 -38.98983 9647.9 5267.86 2.58 2.54 51.9 -0.372 18.77 19.53 01a59131o0780o 0.8772666666666666 0.0029333333333333334
59131.630755 13.628 0.003 12844 42 o 0 1741.95 123.84754 -38.98983 9632.74 5227.22 2.48 2.34 -2.0 -0.378 18.81 19.51 01a59131o0813o 0.8562666666666666 0.0028
59131.639881 13.603 0.004 13146 52 o 0 705.44 123.84754 -38.98983 9693.57 5301.78 2.38 2.3 4.5 -0.383 18.34 18.56 01a59131o0832o 0.8764 0.0034666666666666665
59135.610982 13.769 0.004 11287 43 o 0 2047.61 123.84754 -38.98983 9653.33 5264.68 2.4 2.3 86.5 -0.393 19.1 20.12 01a59135o0904o 0.7524666666666666 0.0028666666666666667
59135.629035 13.686 0.006 12178 77 o 0 265.27 123.84754 -38.98983 9637.25 5225.15 2.43 2.31 -77.3 -0.38 18.59 19.58 01a59135o0943o 0.8118666666666666 0.0051333333333333335
59135.634139 13.661 0.006 12457 73 o 0 517.23 123.84754 -38.98983 9695.64 5300.29 2.37 2.3 -3.0 -0.372 17.79 18.77 01a59135o0954o 0.8304666666666667 0.004866666666666667
59143.62716 13.779 0.007 11176 77 o 0 490.49 123.84754 -38.98983 1794.99 5110.23 2.14 2.13 42.7 -0.404 18.06 19.09 01a59143o0945o 0.7450666666666667 0.0051333333333333335
59147.592604 13.75 0.003 11485 37 o 0 2987.59 123.84754 -38.98983 1358.7 9253.48 2.9 2.53 -83.0 -0.407 19.04 20.38 01a59147o0647o 0.7656666666666667 0.0024666666666666665
59147.595825 13.834 0.003 10631 36 o 0 5958.0 123.84754 -38.98983 1340.75 9214.81 2.36 2.18 -68.4 -0.412 19.15 20.38 01a59147o0654o 0.7087333333333333 0.0024
59147.601347 13.733 0.003 11658 38 o 0 2984.41 123.84754 -38.98983 1401.93 9294.97 2.64 2.33 -73.1 -0.407 19.05 20.34 01a59147o0666o 0.7772 0.002533333333333333
59147.621175 13.737 0.003 11617 36 o 0 4431.98 123.84754 -38.98983 1432.82 9184.07 2.53 2.22 -65.0 -0.404 19.17 20.47 01a59147o0709o 0.7744666666666666 0.0024
59155.591411 13.65 0.006 12590 78 o 0 184.48 123.84754 -38.98983 4251.34 3487.91 2.38 2.25 0.4 -0.378 17.16 17.44 01a59155o0879o 0.8393333333333334 0.0052
59155.594639 13.656 0.006 12514 80 o 0 148.95 123.84754 -38.98983 4233.21 3449.69 2.51 2.38 -11.0 -0.364 17.61 17.89 01a59155o0886o 0.8342666666666667 0.005333333333333333
59157.57587 13.647 0.004 12624 50 o 0 500.68 123.84754 -38.98983 8237.71 7016.99 2.9 2.64 43.7 -0.4 18.51 19.2 02a59157o0850o 0.8416 0.0033333333333333335
59157.57908 13.54 0.003 13931 48 o 0 456.13 123.84754 -38.98983 8256.38 7053.35 2.85 2.38 37.4 -0.377 18.61 19.21 02a59157o0857o 0.9287333333333333 0.0032
59157.587231 13.571 0.004 13536 50 o 0 422.9 123.84754 -38.98983 8194.92 6975.74 3.15 2.65 33.6 -0.429 18.52 19.25 02a59157o0874o 0.9024 0.0033333333333333335
59157.59735 13.764 0.004 11339 41 o 0 2175.8 123.84754 -38.98983 8175.35 7091.2 2.48 2.15 40.7 -0.406 18.78 19.32 02a59157o0896o 0.7559333333333333 0.0027333333333333333
59183.560078 13.753 0.004 11446 47 o 0 940.71 123.84754 -38.98983 7021.65 761.24 2.36 2.22 -64.7 -0.394 18.45 18.71 01a59183o0819o 0.7630666666666667 0.0031333333333333335
59183.561458 13.742 0.004 11562 47 o 0 923.63 123.84754 -38.98983 7003.14 722.49 2.35 2.19 -59.3 -0.384 18.5 18.71 01a59183o0822o 0.7708 0.0031333333333333335
59183.57108 13.703 0.004 11986 50 o 0 708.43 123.84754 -38.98983 7059.83 799.25 2.37 2.19 -53.3 -0.383 18.49 18.73 01a59183o0842o 0.7990666666666667 0.0033333333333333335
59183.57615 13.622 0.004 12916 50 o 0 523.01 123.84754 -38.98983 7080.99 682.15 2.49 2.36 -27.9 -0.385 18.39 18.74 01a59183o0853o 0.8610666666666666 0.0033333333333333335
59185.558079 13.724 0.004 11756 45 o 0 2177.43 123.84754 -38.98983 3215.12 1550.06 2.09 2.02 73.5 -0.451 18.66 19.1 02a59185o0817o 0.7837333333333333 0.003
59185.563118 13.699 0.004 12037 45 o 0 1934.19 123.84754 -38.98983 3234.73 1590.56 2.15 1.93 39.8 -0.456 18.66 19.11 02a59185o0828o 0.8024666666666667 0.003
59185.564947 13.718 0.004 11824 44 o 0 2729.55 123.84754 -38.98983 3175.29 1510.88 2.07 1.97 46.1 -0.465 18.7 19.1 02a59185o0832o 0.7882666666666667 0.0029333333333333334
59185.569984 13.645 0.004 12650 48 o 0 1295.57 123.84754 -38.98983 3154.5 1629.23 2.18 2.11 54.7 -0.457 18.62 19.1 02a59185o0843o 0.8433333333333334 0.0032
59187.546977 13.603 0.003 13148 40 o 0 2331.47 123.84754 -38.98983 9342.94 7401.4 2.54 2.38 71.3 -0.375 18.84 19.5 01a59187o0760o 0.8765333333333334 0.0026666666666666666
59187.549289 13.688 0.003 12154 41 o 0 2010.29 123.84754 -38.98983 9323.56 7363.08 2.51 2.31 -89.7 -0.382 18.87 19.49 01a59187o0765o 0.8102666666666667 0.0027333333333333333
59187.552051 13.671 0.003 12352 40 o 0 2726.44 123.84754 -38.98983 9384.27 7439.49 2.46 2.19 80.3 -0.387 18.88 19.49 01a59187o0771o 0.8234666666666667 0.0026666666666666666
59187.560342 13.667 0.003 12395 40 o 0 2078.32 123.84754 -38.98983 9406.84 7322.22 2.45 2.27 9.8 -0.368 18.87 19.45 01a59187o0789o 0.8263333333333334 0.0026666666666666666
59191.536022 13.636 0.003 12749 38 o 0 2626.27 123.84754 -38.98983 9344.36 7398.45 2.61 2.56 -56.3 -0.363 19.09 20.21 01a59191o0762o 0.8499333333333333 0.002533333333333333
59191.538792 13.662 0.003 12453 37 o 0 5455.1 123.84754 -38.98983 9326.4 7359.74 2.47 2.42 3.9 -0.38 19.17 20.22 01a59191o0768o 0.8302 0.0024666666666666665
59191.541564 13.619 0.003 12949 40 o 0 2316.81 123.84754 -38.98983 9386.23 7435.5 2.64 2.47 -86.3 -0.374 19.12 20.23 01a59191o0774o 0.8632666666666666 0.0026666666666666666
59191.547088 13.604 0.003 13132 38 o 0 2647.5 123.84754 -38.98983 9408.18 7318.56 2.7 2.59 -48.5 -0.356 19.11 20.2 01a59191o0786o 0.8754666666666666 0.002533333333333333
59207.475687 13.711 0.003 11896 37 o 0 5049.4 123.84754 -38.98983 5774.16 5515.61 2.4 2.18 -16.4 -0.377 19.1 19.98 01a59207o0605o 0.7930666666666667 0.0024666666666666665
59207.496917 13.61 0.003 13060 39 o 0 2893.44 123.84754 -38.98983 5756.52 5478.31 2.75 2.24 -27.1 -0.403 19.1 20.12 01a59207o0650o 0.8706666666666667 0.0026
59207.501065 13.723 0.003 11767 36 o 0 6819.64 123.84754 -38.98983 5813.99 5556.46 2.32 2.11 -76.0 -0.381 19.23 20.17 01a59207o0659o 0.7844666666666666 0.0024
59207.50706 13.716 0.003 11846 37 o 0 5358.95 123.84754 -38.98983 5834.63 5441.4 2.26 2.1 -77.2 -0.387 19.29 20.28 01a59207o0672o 0.7897333333333333 0.0024666666666666665
59209.52984 13.55 0.003 13807 47 o 0 693.33 123.84754 -38.98983 3228.61 927.72 3.12 2.85 -55.7 -0.412 18.62 19.63 02a59209o0602o 0.9204666666666667 0.0031333333333333335
59209.586431 13.666 0.003 12409 41 o 0 3041.99 123.84754 -38.98983 3214.55 894.94 2.38 2.23 88.8 -0.437 19.02 20.16 02a59209o0609o 0.8272666666666667 0.0027333333333333333
59209.591006 13.684 0.003 12196 41 o 0 3349.31 123.84754 -38.98983 3271.43 972.34 2.45 2.2 -65.6 -0.442 19.17 20.33 02a59209o0619o 0.8130666666666667 0.0027333333333333333
59209.599298 13.682 0.003 12228 40 o 0 3523.33 123.84754 -38.98983 3291.37 858.52 2.6 2.29 -64.6 -0.427 19.17 20.45 02a59209o0637o 0.8152 0.0026666666666666666
59211.482507 13.485 0.003 14650 49 o 0 363.76 123.84754 -38.98983 9020.37 1095.84 3.05 2.79 -30.3 -0.329 18.56 19.2 01a59211o0638o 0.9766666666666667 0.003266666666666667
59211.48435 13.554 0.003 13748 46 o 0 716.83 123.84754 -38.98983 9002.21 1057.24 2.8 2.6 -33.3 -0.332 18.6 19.2 01a59211o0642o 0.9165333333333333 0.0030666666666666668
59211.487115 13.551 0.003 13785 47 o 0 827.81 123.84754 -38.98983 9059.08 1133.89 2.66 2.54 -67.0 -0.358 18.71 19.2 01a59211o0648o 0.919 0.0031333333333333335
59211.506043 13.608 0.003 13083 45 o 0 1163.52 123.84754 -38.98983 1528.82 9570.88 2.55 2.21 -56.8 -0.389 18.66 19.22 01a59211o0688o 0.8722 0.003
59219.459175 13.613 0.003 13026 41 o 0 969.49 123.84754 -38.98983 5195.75 7160.04 3.18 2.9 -71.1 -0.33 18.74 19.93 01a59219o0575o 0.8684 0.0027333333333333333
59219.479327 13.684 0.003 12203 38 o 0 3119.95 123.84754 -38.98983 5180.19 7119.95 2.47 2.26 -69.3 -0.384 19.03 19.87 01a59219o0618o 0.8135333333333333 0.002533333333333333
59219.482107 13.62 0.003 12943 40 o 0 2038.83 123.84754 -38.98983 5240.77 7197.86 2.49 2.33 -0.7 -0.389 18.99 19.86 01a59219o0624o 0.8628666666666667 0.0026666666666666666
59219.495797 13.637 0.003 12745 38 o 0 3633.95 123.84754 -38.98983 5315.14 3478.05 2.46 2.24 -22.7 -0.386 19.0 19.84 01a59219o0652o 0.8496666666666667 0.002533333333333333
59243.423679 13.683 0.004 12216 48 o 0 414.09 123.84754 -38.98983 4431.28 7176.66 2.94 2.49 -81.6 -0.375 18.19 18.6 01a59243o0483o 0.8144 0.0032
59243.426901 13.685 0.004 12188 49 o 0 489.53 123.84754 -38.98983 4451.66 7214.86 2.71 2.41 -63.8 -0.38 18.24 18.61 01a59243o0490o 0.8125333333333333 0.003266666666666667
59243.432447 13.647 0.004 12619 51 o 0 304.4 123.84754 -38.98983 4393.94 7137.44 2.91 2.6 -70.2 -0.372 18.16 18.6 01a59243o0502o 0.8412666666666667 0.0034
59243.443509 13.662 0.004 12453 49 o 0 375.91 123.84754 -38.98983 4375.56 7253.33 3.02 2.48 -79.3 -0.385 18.19 18.59 01a59243o0526o 0.8302 0.003266666666666667
59247.446414 13.835 0.003 10614 36 o 0 6436.93 123.84754 -38.98983 4436.89 7176.08 2.07 1.95 -12.7 -0.405 19.03 19.73 01a59247o0217o 0.7076 0.0024
59247.449639 13.836 0.003 10607 36 o 0 6186.92 123.84754 -38.98983 4456.89 7214.81 2.12 2.03 -61.7 -0.411 19.03 19.72 01a59247o0224o 0.7071333333333333 0.0024
59247.455182 13.775 0.003 11216 38 o 0 4420.58 123.84754 -38.98983 4398.99 7138.18 2.15 1.97 -74.2 -0.423 19.06 19.71 01a59247o0236o 0.7477333333333334 0.002533333333333333
59247.466253 13.803 0.003 10932 38 o 0 4805.83 123.84754 -38.98983 4380.05 7253.9 2.09 2.01 -71.5 -0.418 19.04 19.68 01a59247o0260o 0.7288 0.002533333333333333
59267.360141 13.964 0.004 9424 35 o 0 5950.76 123.84754 -38.98983 6901.72 5447.42 2.09 1.88 -72.8 -0.404 19.1 19.75 01a59267o0310o 0.6282666666666666 0.0023333333333333335
59267.36337 13.887 0.004 10120 36 o 0 4187.85 123.84754 -38.98983 6921.52 5485.6 2.22 1.93 -78.3 -0.404 19.09 19.75 01a59267o0317o 0.6746666666666666 0.0024
59267.369838 13.772 0.004 11255 40 o 0 2152.64 123.84754 -38.98983 6863.62 5406.81 2.31 2.07 -75.4 -0.4 19.07 19.76 01a59267o0331o 0.7503333333333333 0.0026666666666666666
59267.379978 13.865 0.003 10323 36 o 0 3957.59 123.84754 -38.98983 6846.6 5521.58 2.22 2.05 -71.9 -0.395 19.07 19.75 01a59267o0353o 0.6882 0.0024
59271.37618 13.777 0.004 11195 43 o 0 1167.63 123.84754 -38.98983 6902.93 5444.62 2.34 2.18 -66.2 -0.391 18.52 18.69 01a59271o0210o 0.7463333333333333 0.0028666666666666667
59271.379404 13.679 0.004 12261 48 o 0 460.84 123.84754 -38.98983 6922.93 5482.47 2.61 2.47 -45.3 -0.362 18.39 18.67 01a59271o0217o 0.8174 0.0032
59271.385396 13.721 0.004 11788 45 o 0 691.34 123.84754 -38.98983 6863.66 5405.55 2.58 2.57 74.5 -0.365 18.38 18.68 01a59271o0230o 0.7858666666666667 0.003
59271.395524 13.747 0.004 11517 44 o 0 898.33 123.84754 -38.98983 6847.63 5518.54 2.57 2.51 -33.8 -0.395 18.36 18.63 01a59271o0252o 0.7678 0.0029333333333333334
59291.374854 13.811 0.003 10854 36 o 0 5413.68 123.84754 -38.98983 9249.8 9555.72 2.62 2.38 -90.0 -0.381 19.25 20.54 01a59291o0067o 0.7236 0.0024
59291.378082 13.7 0.003 12026 38 o 0 5081.67 123.84754 -38.98983 9269.83 9594.95 2.32 2.07 -87.4 -0.394 19.38 20.55 01a59291o0074o 0.8017333333333333 0.002533333333333333
59291.397801 13.667 0.003 12398 39 o 0 3706.87 123.84754 -38.98983 9213.4 9519.38 2.5 2.16 86.7 -0.392 19.24 20.46 01a59291o0116o 0.8265333333333333 0.0026
59291.403358 13.743 0.003 11558 39 o 0 3623.5 123.84754 -38.98983 9195.47 9636.41 2.61 2.17 83.6 -0.387 19.16 20.43 01a59291o0128o 0.7705333333333333 0.0026
59295.317149 13.772 0.004 11256 40 o 0 1981.48 123.84754 -38.98983 9242.14 9559.65 2.82 2.23 -81.0 -0.37 18.96 19.75 01a59295o0206o 0.7504 0.0026666666666666666
59295.320376 13.712 0.003 11887 40 o 0 1895.01 123.84754 -38.98983 9261.59 9598.72 2.8 2.39 -79.6 -0.362 18.91 19.73 01a59295o0213o 0.7924666666666667 0.0026666666666666666
59295.3259 13.731 0.004 11685 41 o 0 2172.31 123.84754 -38.98983 9204.46 9518.16 2.5 2.22 -87.1 -0.384 18.95 19.73 01a59295o0225o 0.779 0.0027333333333333333
59295.336949 13.667 0.003 12393 43 o 0 1232.86 123.84754 -38.98983 9186.82 9633.38 2.76 2.49 -74.4 -0.371 18.83 19.69 01a59295o0249o 0.8262 0.0028666666666666667
59299.318156 13.741 0.007 11574 80 o 0 266.35 123.84754 -38.98983 7379.18 9658.72 2.15 2.07 -66.7 -0.384 17.54 17.73 01a59299o0118o 0.7716 0.005333333333333333
59299.323696 13.749 0.006 11496 69 o 0 430.11 123.84754 -38.98983 7323.69 9579.77 2.14 1.97 -81.3 -0.383 17.72 17.91 01a59299o0130o 0.7664 0.0046
59305.290087 13.604 0.003 13138 42 o 0 2790.37 123.84754 -38.98983 9404.26 9364.47 2.45 2.26 50.5 -0.427 19.15 20.13 02a59305o0154o 0.8758666666666667 0.0028
