data/atlas/obs_ATLAS.ecsv
# %ECSV 1.0
# ---
# datatype:
# - {name: MJD, datatype: float64}
# - {name: m, datatype: float64}
# - {name: dm, datatype: float64}
# - {name: uJy, datatype: int64}
# - {name: duJy, datatype: int64}
# - {name: F, datatype: string}
# - {name: err, datatype: int64}
# - {name: chi/N, datatype: float64}
# - {name: RA, datatype: float64}
# - {name: Dec, datatype: float64}
# - {name: x, datatype: float64}
# - {name: y, datatype: float64}
# - {name: maj, datatype: float64}
# - {name: min, datatype: float64}
# - {name: phi, datatype: float64}
# - {name: apfit, datatype: float64}
# - {name: mag5sig, datatype: float64}
# - {name: Sky, datatype: float64}
# - {name: Obs, datatype: string}
# - {name: fnorm, datatype: float64}
# - {name: fnormerr, datatype: float64}
# schema: astropy-2.0
MJD m dm uJy duJy F err chi/N RA Dec x y maj min phi apfit mag5sig Sky Obs fnorm fnormerr
[from data line 393]
58491.468662 13.447 0.003 15182 43 o 0 632.74 123.84754 -38.98983 10407.91 5010.21 4.61 3.3 -85.0 -0.425 19.14 21.22 01a58491o0598o 1.0121333333333333 0.0028666666666666667
58491.477873 13.447 0.003 15181 46 o 0 528.22 123.84754 -38.98983 1028.49 5098.34 3.37 3.2 83.4 -0.437 19.15 21.2 01a58491o0618o 1.0120666666666667 0.0030666666666666668
58491.481032 13.418 0.003 15584 44 o 0 418.62 123.84754 -38.98983 10372.23 5019.22 4.82 3.47 -84.7 -0.405 19.07 21.19 01a58491o0624o 1.0389333333333333 0.0029333333333333334
58491.483337 13.447 0.003 15176 43 o 0 821.72 123.84754 -38.98983 10437.28 5108.01 4.34 3.18 -86.6 -0.436 19.13 21.2 01a58491o0629o 1.0117333333333334 0.0028666666666666667
58491.488862 13.461 0.003 14984 42 o 0 1100.94 123.84754 -38.98983 1056.31 5179.87 3.31 3.12 68.6 -0.447 19.14 21.21 01a58491o0641o 0.9989333333333333 0.0028
58491.492544 13.432 0.003 15389 43 o 0 791.59 123.84754 -38.98983 10367.5 5180.46 4.27 3.3 -86.4 -0.431 19.07 21.2 01a58491o0649o 1.0259333333333334 0.0028666666666666667
58491.499368 13.48 0.003 14722 41 o 0 1456.74 123.84754 -38.98983 1017.94 5145.68 3.28 3.0 81.2 -0.449 19.21 21.27 01a58491o0663o 0.9814666666666667 0.0027333333333333333
58491.512147 13.461 0.003 14984 41 o 0 1270.92 123.84754 -38.98983 992.67 5314.64 3.39 3.21 79.5 -0.439 19.13 21.3 01a58491o0689o 0.9989333333333333 0.0027333333333333333
58495.491343 13.455 0.003 15069 41 o 0 881.02 123.84754 -38.98983 9200.12 3172.12 3.58 3.3 -83.0 -0.404 19.09 21.04 01a58495o0643o 1.0046 0.0027333333333333333
58495.501064 13.482 0.003 14689 41 o 0 1183.1 123.84754 -38.98983 9217.77 3250.41 3.83 3.16 -84.0 -0.419 19.07 21.08 01a58495o0664o 0.9792666666666666 0.0027333333333333333
58495.510777 13.454 0.003 15074 42 o 0 850.01 123.84754 -38.98983 9158.5 3209.7 3.81 3.33 -82.3 -0.411 19.07 21.13 01a58495o0685o 1.0049333333333332 0.0028
58495.521192 13.443 0.003 15237 41 o 0 935.92 123.84754 -38.98983 9143.71 3368.54 3.85 3.26 -78.1 -0.422 19.08 21.11 01a58495o0707o 1.0158 0.0027333333333333333
58497.463535 13.748 0.003 11505 38 o 0 7746.21 123.84754 -38.98983 2544.73 3324.43 2.19 2.16 37.4 -0.43 19.23 20.55 02a58497o0584o 0.767 0.002533333333333333
58497.472727 13.752 0.003 11455 39 o 0 7170.48 123.84754 -38.98983 2531.22 3289.08 2.23 2.09 41.0 -0.435 19.26 20.62 02a58497o0604o 0.7636666666666667 0.0026
58497.482359 13.722 0.003 11787 39 o 0 5798.54 123.84754 -38.98983 2590.41 3367.55 2.26 2.17 24.1 -0.42 19.27 20.6 02a58497o0625o 0.7858 0.0026
58497.493339 13.76 0.003 11378 40 o 0 6868.96 123.84754 -38.98983 2607.81 3252.06 2.14 1.97 47.2 -0.452 19.31 20.58 02a58497o0649o 0.7585333333333333 0.0026666666666666666
58499.44487 13.417 0.003 15608 47 o 0 257.9 123.84754 -38.98983 6817.14 9191.45 4.74 3.48 -87.4 -0.375 18.59 19.97 01a58499o0535o 1.0405333333333333 0.0031333333333333335
58499.453306 13.459 0.003 15012 47 o 0 402.55 123.84754 -38.98983 6796.05 9120.36 3.96 3.09 89.4 -0.415 18.7 19.98 01a58499o0551o 1.0008 0.0031333333333333335
58499.462211 13.438 0.003 15306 48 o 0 315.21 123.84754 -38.98983 6851.66 9164.89 4.08 3.17 -88.5 -0.41 18.66 19.99 01a58499o0568o 1.0204 0.0032
58499.471609 13.436 0.003 15339 48 o 0 333.06 123.84754 -38.98983 3852.96 1277.1 3.43 3.25 25.5 -0.428 18.63 20.05 01a58499o0585o 1.0226 0.0032
58501.446642 13.573 0.004 13510 48 o 0 1763.52 123.84754 -38.98983 2548.23 1382.2 2.34 2.02 37.3 -0.526 18.72 19.28 02a58501o0384o 0.9006666666666666 0.0032
58501.453518 13.63 0.003 12828 45 o 0 2799.08 123.84754 -38.98983 2532.93 1343.29 2.27 2.0 39.2 -0.511 18.77 19.3 02a58501o0399o 0.8552 0.003
58501.460402 13.578 0.004 13448 48 o 0 1896.5 123.84754 -38.98983 2594.14 1424.41 2.31 1.99 32.3 -0.509 18.76 19.28 02a58501o0414o 0.8965333333333333 0.0032
58501.467292 13.554 0.004 13752 51 o 0 1016.03 123.84754 -38.98983 2608.87 1308.64 2.48 2.15 37.2 -0.495 18.71 19.27 02a58501o0429o 0.9168 0.0034
58503.446584 13.464 0.004 14947 58 o 0 142.21 123.84754 -38.98983 8447.31 5008.53 4.06 3.12 -86.6 -0.418 18.04 18.92 01a58503o0536o 0.9964666666666666 0.0038666666666666667
58503.458559 13.443 0.004 15237 60 o 0 122.12 123.84754 -38.98983 8470.2 5094.67 4.22 3.09 -85.5 -0.42 18.07 18.92 01a58503o0562o 1.0158 0.004
58503.469609 13.458 0.004 15029 62 o 0 105.51 123.84754 -38.98983 8429.44 5060.37 4.25 3.12 -85.5 -0.419 17.98 18.9 01a58503o0586o 1.0019333333333333 0.0041333333333333335
58503.472836 13.464 0.004 14937 54 o 0 159.37 123.84754 -38.98983 8401.35 5190.07 4.28 3.21 -86.7 -0.4 17.99 18.9 01a58503o0593o 0.9958 0.0036
58507.420493 13.475 0.003 14794 52 o 0 318.65 123.84754 -38.98983 7742.83 5306.57 3.83 2.88 -87.4 -0.421 18.47 19.48 01a58507o0469o 0.9862666666666666 0.0034666666666666665
58507.431715 13.479 0.003 14742 47 o 0 473.19 123.84754 -38.98983 7723.21 5229.7 3.43 2.96 -85.3 -0.423 18.48 19.51 01a58507o0492o 0.9828 0.0031333333333333335
58507.433098 13.504 0.003 14401 50 o 0 374.1 123.84754 -38.98983 7782.56 5300.89 3.65 2.78 -86.5 -0.433 18.52 19.51 01a58507o0495o 0.9600666666666666 0.0033333333333333335
58507.441337 13.503 0.003 14416 47 o 0 542.01 123.84754 -38.98983 7794.08 5150.94 3.49 2.83 89.7 -0.43 18.57 19.52 01a58507o0512o 0.9610666666666666 0.0031333333333333335
58511.442231 13.457 0.003 15037 41 o 0 731.71 123.84754 -38.98983 2424.59 9213.94 4.18 3.44 -83.0 -0.374 19.13 21.27 01a58511o0216o 1.0024666666666666 0.0027333333333333333
58511.44916 13.427 0.003 15458 42 o 0 678.34 123.84754 -38.98983 2440.78 9251.59 4.07 3.39 -82.8 -0.384 19.14 21.27 01a58511o0231o 1.0305333333333333 0.0028
58511.456087 13.438 0.003 15304 42 o 0 561.13 123.84754 -38.98983 2394.59 9174.1 4.22 3.49 -83.8 -0.373 19.09 21.24 01a58511o0246o 1.0202666666666667 0.0028
58511.462997 13.438 0.003 15302 42 o 0 463.14 123.84754 -38.98983 2365.65 9290.91 4.19 3.54 -82.5 -0.373 19.04 21.15 01a58511o0261o 1.0201333333333333 0.0028
58519.437648 13.519 0.003 14205 40 o 0 1961.5 123.84754 -38.98983 5167.3 3319.86 3.31 2.96 -85.7 -0.423 19.01 20.81 01a58519o0508o 0.947 0.0026666666666666666
58519.446405 13.481 0.003 14706 41 o 0 1378.95 123.84754 -38.98983 5183.31 3357.64 3.29 2.99 -86.6 -0.431 19.03 20.83 01a58519o0527o 0.9804 0.0027333333333333333
58519.45566 13.498 0.003 14486 40 o 0 1512.66 123.84754 -38.98983 5121.87 3280.8 3.34 3.03 -87.3 -0.422 19.02 20.85 01a58519o0547o 0.9657333333333333 0.0026666666666666666
58519.468552 13.491 0.003 14580 41 o 0 1161.38 123.84754 -38.98983 5108.73 3395.28 3.34 3.0 -89.5 -0.429 19.0 20.79 01a58519o0575o 0.972 0.0027333333333333333
58523.417534 13.431 0.003 15404 45 o 0 507.51 123.84754 -38.98983 9525.64 1362.34 4.39 3.18 -87.0 -0.431 18.81 20.57 01a58523o0321o 1.0269333333333333 0.003
58523.426307 13.452 0.003 15102 44 o 0 765.67 123.84754 -38.98983 9541.24 1400.95 4.14 3.03 -86.9 -0.443 18.88 20.56 01a58523o0340o 1.0068 0.0029333333333333334
58523.435092 13.459 0.003 15009 46 o 0 553.5 123.84754 -38.98983 9479.21 1321.84 4.19 3.05 -87.1 -0.446 18.86 20.54 01a58523o0359o 1.0006 0.0030666666666666668
58523.437394 13.447 0.003 15172 44 o 0 653.89 123.84754 -38.98983 9464.85 1439.24 3.98 3.1 -87.9 -0.439 18.84 20.54 01a58523o0364o 1.0114666666666667 0.0029333333333333334
58527.39697 13.444 0.003 15222 44 o 0 288.63 123.84754 -38.98983 9609.53 7192.33 5.32 3.72 -82.0 -0.321 18.87 20.43 01a58527o0390o 1.0148 0.0029333333333333334
58527.405302 13.427 0.003 15456 46 o 0 245.24 123.84754 -38.98983 9641.2 7230.54 5.16 3.62 -82.0 -0.333 18.83 20.42 01a58527o0408o 1.0304 0.0030666666666666668
58527.409904 13.464 0.003 14942 42 o 0 661.17 123.84754 -38.98983 397.22 7362.21 3.72 3.29 -86.5 -0.358 18.9 20.46 01a58527o0418o 0.9961333333333333 0.0028
58527.414053 13.445 0.003 15206 44 o 0 364.9 123.84754 -38.98983 9579.93 7149.66 4.84 3.41 -83.2 -0.358 18.89 20.42 01a58527o0427o 1.0137333333333334 0.0029333333333333334
58527.41822 13.422 0.003 15529 45 o 0 307.92 123.84754 -38.98983 429.39 7397.81 4.12 3.61 -84.6 -0.332 18.83 20.46 01a58527o0436o 1.0352666666666666 0.003
58527.422362 13.433 0.003 15372 46 o 0 319.18 123.84754 -38.98983 9567.12 7265.16 4.86 3.43 -82.1 -0.359 18.9 20.4 01a58527o0445o 1.0248 0.0030666666666666668
58527.42697 13.47 0.003 14854 44 o 0 490.75 123.84754 -38.98983 367.5 7322.31 4.13 3.23 -89.5 -0.343 18.9 20.45 01a58527o0455o 0.9902666666666666 0.0029333333333333334
58527.43527 13.477 0.003 14758 42 o 0 625.92 123.84754 -38.98983 338.87 7439.27 4.17 3.3 89.9 -0.34 18.85 20.48 01a58527o0473o 0.9838666666666667 0.0028
58531.403189 13.39 0.005 15990 75 o 0 44.49 123.84754 -38.98983 6210.24 9116.96 4.31 3.46 -82.6 -0.397 18.21 19.26 01a58531o0421o 1.066 0.005
58531.412431 13.372 0.004 16257 70 o 0 42.34 123.84754 -38.98983 6225.95 9155.41 4.7 3.71 -82.5 -0.37 18.17 19.23 01a58531o0441o 1.0838 0.004666666666666667
58531.421651 13.379 0.005 16154 74 o 0 43.0 123.84754 -38.98983 6163.9 9077.12 4.5 3.5 -81.9 -0.381 18.18 19.2 01a58531o0461o 1.0769333333333333 0.004933333333333333
58531.431385 13.384 0.005 16084 73 o 0 41.01 123.84754 -38.98983 6151.13 9193.54 4.57 3.61 -81.0 -0.375 18.16 19.16 01a58531o0482o 1.0722666666666667 0.004866666666666667
58539.389851 13.484 0.003 14670 39 o 0 2230.59 123.84754 -38.98983 7805.48 1352.03 3.19 3.04 -14.6 -0.418 19.25 21.26 01a58539o0370o 0.978 0.0026
58539.397691 13.493 0.003 14554 39 o 0 1845.9 123.84754 -38.98983 7820.38 1391.58 3.13 2.97 89.3 -0.432 19.25 21.23 01a58539o0387o 0.9702666666666667 0.0026
58539.406001 13.512 0.003 14295 40 o 0 1640.25 123.84754 -38.98983 7759.01 1313.47 3.19 2.95 88.0 -0.437 19.17 21.1 01a58539o0405o 0.953 0.0026666666666666666
58539.414769 13.517 0.003 14225 40 o 0 1596.1 123.84754 -38.98983 7745.07 1430.46 3.27 3.01 -89.7 -0.436 19.06 20.78 01a58539o0424o 0.9483333333333334 0.0026666666666666666
58543.372725 13.497 0.003 14498 39 o 0 1644.36 123.84754 -38.98983 4850.21 5258.36 3.16 3.09 36.0 -0.422 19.1 20.92 01a58543o0330o 0.9665333333333334 0.0026
58543.380569 13.493 0.003 14542 40 o 0 1619.04 123.84754 -38.98983 4880.87 5295.89 3.21 3.1 6.2 -0.429 19.07 20.88 01a58543o0347o 0.9694666666666667 0.0026666666666666666
58543.388431 13.503 0.003 14418 39 o 0 1777.01 123.84754 -38.98983 4819.86 5219.0 3.15 3.02 73.5 -0.431 19.1 20.92 01a58543o0364o 0.9612 0.0026
58543.396751 13.532 0.003 14031 39 o 0 1845.61 123.84754 -38.98983 4806.7 5334.01 3.04 2.99 62.6 -0.433 19.14 20.93 01a58543o0382o 0.9354 0.0026
58547.359139 13.532 0.003 14029 42 o 0 1257.85 123.84754 -38.98983 8058.48 7169.16 3.24 2.98 -87.0 -0.429 19.04 20.98 01a58547o0319o 0.9352666666666667 0.0028
58547.367451 13.526 0.005 14114 74 o 0 243.43 123.84754 -38.98983 8074.76 7207.31 3.19 2.94 86.9 -0.431 18.23 20.05 01a58547o0337o 0.9409333333333333 0.004933333333333333
58551.356957 13.602 0.003 13157 38 o 0 2755.34 123.84754 -38.98983 8088.33 9115.51 2.75 2.73 -0.4 -0.467 19.11 20.57 01a58551o0313o 0.8771333333333333 0.002533333333333333
58551.365768 13.535 0.003 13998 40 o 0 1154.72 123.84754 -38.98983 8103.39 9154.16 3.25 3.04 -75.5 -0.425 18.98 20.48 01a58551o0332o 0.9332 0.0026666666666666666
58551.375004 13.536 0.003 13984 41 o 0 1041.2 123.84754 -38.98983 8041.96 9074.69 3.31 3.0 -83.3 -0.423 18.97 20.47 01a58551o0352o 0.9322666666666667 0.0027333333333333333
58551.383797 13.538 0.003 13957 41 o 0 1288.87 123.84754 -38.98983 8028.44 9191.44 3.12 2.91 -82.8 -0.435 19.0 20.46 01a58551o0371o 0.9304666666666667 0.0027333333333333333
58555.371016 13.488 0.003 14621 51 o 0 623.31 123.84754 -38.98983 1554.4 3458.11 2.92 2.79 -9.5 -0.457 18.67 20.13 01a58555o0340o 0.9747333333333333 0.0034
58555.380294 13.534 0.003 14010 48 o 0 792.16 123.84754 -38.98983 1491.87 3381.95 2.87 2.74 -11.8 -0.459 18.66 20.12 01a58555o0360o 0.934 0.0032
58555.389543 13.473 0.003 14822 41 o 0 1092.62 123.84754 -38.98983 1479.37 3497.87 3.15 3.01 -13.9 -0.444 19.0 20.52 01a58555o0380o 0.9881333333333333 0.0027333333333333333
58559.338914 13.465 0.004 14932 53 o 0 297.35 123.84754 -38.98983 2316.21 7267.33 2.98 2.83 -11.6 -0.456 18.51 19.55 01a58559o0222o 0.9954666666666667 0.003533333333333333
58559.346786 13.472 0.004 14830 53 o 0 268.46 123.84754 -38.98983 2333.63 7304.25 3.08 2.91 -26.9 -0.45 18.47 19.54 01a58559o0239o 0.9886666666666667 0.003533333333333333
58559.35463 13.401 0.004 15834 62 o 0 85.12 123.84754 -38.98983 2287.15 7227.61 3.68 3.58 -44.6 -0.413 18.24 19.51 01a58559o0256o 1.0556 0.0041333333333333335
58559.362483 13.446 0.004 15195 55 o 0 189.84 123.84754 -38.98983 2258.16 7344.52 3.25 3.19 -72.3 -0.434 18.38 19.51 01a58559o0273o 1.013 0.0036666666666666666
58565.368984 13.572 0.003 13531 46 o 0 1794.36 123.84754 -38.98983 6367.81 3372.91 2.31 2.02 53.4 -0.429 18.7 19.2 02a58565o0337o 0.9020666666666667 0.0030666666666666668
58565.376158 13.638 0.003 12728 44 o 0 2459.09 123.84754 -38.98983 6354.38 3333.86 2.28 2.02 61.5 -0.428 18.67 19.16 02a58565o0352o 0.8485333333333334 0.0029333333333333334
58565.383336 13.635 0.004 12760 46 o 0 1626.12 123.84754 -38.98983 6399.84 3410.76 2.27 2.04 64.9 -0.426 18.61 19.11 02a58565o0367o 0.8506666666666667 0.0030666666666666668
58565.390664 13.612 0.004 13037 46 o 0 1674.71 123.84754 -38.98983 6431.4 3294.02 2.19 2.05 74.1 -0.434 18.62 19.05 02a58565o0383o 0.8691333333333333 0.0030666666666666668
58567.315465 13.562 0.004 13654 57 o 0 639.48 123.84754 -38.98983 6138.06 7176.43 2.96 2.73 -1.5 -0.43 18.49 20.14 01a58567o0217o 0.9102666666666667 0.0038
58567.322862 13.558 0.004 13708 52 o 0 671.35 123.84754 -38.98983 6153.64 7214.47 2.85 2.84 -25.0 -0.451 18.79 20.41 01a58567o0233o 0.9138666666666667 0.0034666666666666665
58569.315824 13.622 0.003 12914 38 o 0 7417.3 123.84754 -38.98983 5362.25 7244.01 2.45 2.2 -61.6 -0.427 19.12 20.54 02a58569o0218o 0.8609333333333333 0.002533333333333333
58569.322745 13.648 0.003 12616 39 o 0 5654.56 123.84754 -38.98983 5348.54 7205.27 2.39 2.23 -73.4 -0.432 19.13 20.51 02a58569o0233o 0.8410666666666666 0.0026
58569.330162 13.673 0.003 12330 38 o 0 7938.87 123.84754 -38.98983 5409.35 7282.76 2.4 2.05 -58.8 -0.438 19.16 20.48 02a58569o0249o 0.822 0.002533333333333333
58571.3124 13.427 0.003 15463 46 o 0 251.31 123.84754 -38.98983 9761.39 9183.26 3.96 3.63 -80.1 -0.412 18.84 20.66 01a58571o0134o 1.0308666666666666 0.0030666666666666668
58571.317957 13.531 0.003 14043 42 o 0 1774.98 123.84754 -38.98983 512.47 9305.69 2.98 2.79 -82.4 -0.484 19.03 20.76 01a58571o0146o 0.9362 0.0028
58571.320287 13.551 0.003 13788 42 o 0 1560.22 123.84754 -38.98983 9715.58 9103.08 2.92 2.78 77.3 -0.468 19.07 20.71 01a58571o0151o 0.9192 0.0028
58571.32537 13.506 0.003 14373 43 o 0 1465.79 123.84754 -38.98983 529.37 9343.7 3.0 2.83 -83.9 -0.475 19.09 20.85 01a58571o0162o 0.9582 0.0028666666666666667
58571.32769 13.562 0.003 13651 41 o 0 2150.18 123.84754 -38.98983 9688.08 9219.71 2.85 2.68 81.3 -0.489 19.13 20.75 01a58571o0167o 0.9100666666666667 0.0027333333333333333
58571.333714 13.495 0.003 14525 43 o 0 1310.19 123.84754 -38.98983 482.97 9265.59 2.96 2.79 -75.4 -0.473 19.1 20.82 01a58571o0180o 0.9683333333333334 0.0028666666666666667
58571.341107 13.443 0.003 15236 44 o 0 940.95 123.84754 -38.98983 453.44 9383.77 3.18 2.96 -76.0 -0.479 19.03 20.77 01a58571o0196o 1.0157333333333334 0.0029333333333333334
58575.307602 13.51 0.003 14328 44 o 0 845.23 123.84754 -38.98983 4301.16 9150.19 3.11 2.99 -77.5 -0.442 18.83 20.21 01a58575o0195o 0.9552 0.0029333333333333334
58575.315459 13.513 0.003 14282 44 o 0 753.7 123.84754 -38.98983 4332.39 9188.07 3.08 3.02 -40.4 -0.441 18.81 20.12 01a58575o0212o 0.9521333333333334 0.0029333333333333334
58575.322857 13.467 0.003 14901 46 o 0 492.08 123.84754 -38.98983 4270.73 9110.91 3.21 3.15 -27.4 -0.435 18.78 20.14 01a58575o0228o 0.9934 0.0030666666666666668
58575.330702 13.477 0.003 14768 45 o 0 655.65 123.84754 -38.98983 4257.66 9227.22 3.22 3.1 -67.8 -0.434 18.75 20.08 01a58575o0245o 0.9845333333333334 0.003
