data/atlas/obs_ATLAS.ecsv
# %ECSV 1.0
# ---
# datatype:
# - {name: MJD, datatype: float64}
# - {name: m, datatype: float64}
# - {name: dm, datatype: float64}
# - {name: uJy, datatype: int64}
# - {name: duJy, datatype: int64}
# - {name: F, datatype: string}
# - {name: err, datatype: int64}
# - {name: chi/N, datatype: float64}
# - {name: RA, datatype: float64}
# - {name: Dec, datatype: float64}
# - {name: x, datatype: float64}
# - {name: y, datatype: float64}
# - {name: maj, datatype: float64}
# - {name: min, datatype: float64}
# - {name: phi, datatype: float64}
# - {name: apfit, datatype: float64}
# - {name: mag5sig, datatype: float64}
# - {name: Sky, datatype: float64}
# - {name: Obs, datatype: string}
# - {name: fnorm, datatype: float64}
# - {name: fnormerr, datatype: float64}
# schema: astropy-2.0
MJD m dm uJy duJy F err chi/N RA Dec x y maj min phi apfit mag5sig Sky Obs fnorm fnormerr
[from data line 589]
58837.50464 13.736 0.003 11626 39 o 0 9709.52 123.84754 -38.98983 918.08 5289.35 2.0 1.85 -47.4 -0.441 19.02 20.06 02a58837o0689o 0.7750666666666667 0.0026
58837.50787 13.666 0.004 12406 44 o 0 4723.91 123.84754 -38.98983 936.18 5328.92 2.04 1.98 -39.7 -0.436 19.01 20.05 02a58837o0696o 0.8270666666666666 0.0029333333333333334
58837.517871 13.635 0.004 12764 53 o 0 2559.28 123.84754 -38.98983 878.37 5252.07 2.17 1.98 -53.3 -0.426 18.59 19.56 02a58837o0717o 0.8509333333333333 0.003533333333333333
58837.528655 13.647 0.003 12618 41 o 0 4359.45 123.84754 -38.98983 9656.69 5175.2 2.26 2.09 -71.5 -0.437 19.24 20.37 02a58837o0740o 0.8412 0.0027333333333333333
58851.46716 13.715 0.003 11856 37 o 0 4749.97 123.84754 -38.98983 2348.17 3549.17 2.68 2.19 80.7 -0.412 19.44 21.07 01a58851o0459o 0.7904 0.0024666666666666665
58851.470386 13.945 0.003 9595 33 o 0 12743.27 123.84754 -38.98983 2329.61 3510.84 2.35 1.82 79.8 -0.42 19.55 21.1 01a58851o0466o 0.6396666666666667 0.0022
58851.481255 13.803 0.003 10932 34 o 0 9328.16 123.84754 -38.98983 8240.31 6959.46 2.62 1.93 -83.7 -0.417 19.5 21.08 01a58851o0488o 0.7288 0.002266666666666667
58851.486788 13.613 0.003 13025 38 o 0 3402.58 123.84754 -38.98983 8222.2 7073.61 3.08 2.24 -83.2 -0.398 19.37 21.05 01a58851o0500o 0.8683333333333333 0.002533333333333333
58855.562056 13.546 0.003 13852 42 o 0 922.9 123.84754 -38.98983 8270.57 6985.99 3.38 2.85 -79.3 -0.359 18.61 19.65 01a58855o0493o 0.9234666666666667 0.0028
58855.564897 13.512 0.003 14298 48 o 0 166.7 123.84754 -38.98983 8289.69 7024.5 4.38 3.8 -79.9 -0.294 18.35 19.64 01a58855o0499o 0.9532 0.0032
58855.570444 13.502 0.003 14433 47 o 0 209.44 123.84754 -38.98983 8231.91 6946.0 4.29 3.53 -77.8 -0.328 18.41 19.7 01a58855o0510o 0.9622 0.0031333333333333335
58855.58151 13.518 0.003 14220 44 o 0 640.13 123.84754 -38.98983 8214.18 7063.2 3.6 2.89 -77.7 -0.361 18.74 19.93 01a58855o0533o 0.948 0.0029333333333333334
58867.439792 13.671 0.003 12344 36 o 0 3901.43 123.84754 -38.98983 3677.23 5123.14 3.19 2.45 82.7 -0.364 19.17 20.71 01a58867o0506o 0.8229333333333333 0.0024
58867.443696 13.652 0.003 12570 38 o 0 4029.75 123.84754 -38.98983 6938.45 5470.55 2.71 2.28 -89.8 -0.388 19.26 20.73 01a58867o0514o 0.838 0.002533333333333333
58867.449927 13.716 0.003 11851 37 o 0 4648.66 123.84754 -38.98983 3716.67 5162.66 2.74 2.26 82.7 -0.401 19.29 20.71 01a58867o0527o 0.7900666666666667 0.0024666666666666665
58867.463515 13.704 0.003 11981 36 o 0 5970.97 123.84754 -38.98983 6863.81 5506.69 2.64 2.27 88.3 -0.394 19.3 20.7 01a58867o0554o 0.7987333333333333 0.0024
58871.428557 13.714 0.003 11873 36 o 0 6601.36 123.84754 -38.98983 3677.51 5122.64 2.69 2.25 82.7 -0.403 19.32 20.87 01a58871o0438o 0.7915333333333333 0.0024
58871.433917 13.693 0.003 12098 36 o 0 6042.49 123.84754 -38.98983 6942.8 5470.79 2.59 2.23 87.6 -0.403 19.38 20.86 01a58871o0449o 0.8065333333333333 0.0024
58871.437163 13.637 0.003 12746 38 o 0 3470.88 123.84754 -38.98983 6885.25 5391.66 3.06 2.5 -88.5 -0.409 19.23 20.83 01a58871o0456o 0.8497333333333333 0.002533333333333333
58871.448823 13.623 0.003 12906 38 o 0 4265.24 123.84754 -38.98983 6866.45 5505.59 2.76 2.49 81.0 -0.424 19.28 20.8 01a58871o0480o 0.8604 0.002533333333333333
58875.388532 13.741 0.003 11576 37 o 0 4154.79 123.84754 -38.98983 7383.28 8986.31 2.88 2.3 -85.1 -0.361 19.01 20.31 01a58875o0338o 0.7717333333333334 0.0024666666666666665
58875.391757 13.706 0.003 11958 37 o 0 3986.39 123.84754 -38.98983 7364.08 8948.74 2.92 2.33 -83.4 -0.357 19.05 20.31 01a58875o0345o 0.7972 0.0024666666666666665
58875.407072 13.718 0.003 11826 37 o 0 3984.8 123.84754 -38.98983 7425.7 9025.0 2.73 2.23 -82.7 -0.362 19.07 20.36 01a58875o0377o 0.7884 0.0024666666666666665
58875.418143 13.725 0.003 11746 36 o 0 4968.28 123.84754 -38.98983 7442.7 8908.23 2.82 2.16 -85.4 -0.372 19.12 20.37 01a58875o0400o 0.7830666666666667 0.0024
58879.338994 13.646 0.005 12641 59 o 0 728.6 123.84754 -38.98983 7371.06 8978.07 2.49 2.13 89.9 -0.374 18.38 19.33 01a58879o0274o 0.8427333333333333 0.003933333333333333
58879.344106 13.684 0.004 12206 45 o 0 2646.57 123.84754 -38.98983 7352.84 8939.66 2.41 2.15 -86.3 -0.377 18.84 19.96 01a58879o0284o 0.8137333333333333 0.003
58879.350542 13.713 0.004 11882 44 o 0 2296.93 123.84754 -38.98983 7414.65 9017.95 2.72 2.19 -84.2 -0.367 18.77 19.85 01a58879o0297o 0.7921333333333334 0.0029333333333333334
58879.36034 13.639 0.004 12722 47 o 0 2224.03 123.84754 -38.98983 7436.6 8902.08 2.47 2.23 -81.7 -0.362 18.7 19.8 01a58879o0317o 0.8481333333333333 0.0031333333333333335
58881.332356 13.523 0.005 14147 74 o 0 320.55 123.84754 -38.98983 10290.47 7485.96 3.11 2.33 -62.0 -0.392 18.06 18.79 02a58881o0211o 0.9431333333333334 0.004933333333333333
58881.336875 13.525 0.003 14120 45 o 0 1361.35 123.84754 -38.98983 10309.65 7526.98 3.28 2.41 -64.5 -0.372 18.99 19.96 02a58881o0220o 0.9413333333333334 0.003
58881.34319 13.522 0.003 14165 44 o 0 1583.12 123.84754 -38.98983 10253.57 7445.07 3.27 2.35 -65.8 -0.386 18.99 20.04 02a58881o0233o 0.9443333333333334 0.0029333333333333334
58881.344131 13.663 0.003 12434 41 o 0 3313.77 123.84754 -38.98983 579.09 7443.31 2.97 2.11 -61.6 -0.392 18.98 19.98 02a58881o0235o 0.8289333333333333 0.0027333333333333333
58881.349631 13.521 0.006 14179 79 o 0 265.55 123.84754 -38.98983 595.53 7481.13 3.03 2.29 -61.4 -0.393 17.98 18.82 02a58881o0246o 0.9452666666666667 0.005266666666666667
58883.375908 13.635 0.003 12761 41 o 0 2173.55 123.84754 -38.98983 7715.07 5389.98 2.59 2.25 -85.7 -0.396 18.93 19.8 01a58883o0365o 0.8507333333333333 0.0027333333333333333
58883.384103 13.664 0.003 12425 41 o 0 2316.7 123.84754 -38.98983 7695.79 5351.94 2.65 2.13 -87.3 -0.405 18.95 19.8 01a58883o0381o 0.8283333333333334 0.0027333333333333333
58883.392791 13.646 0.003 12637 40 o 0 2405.1 123.84754 -38.98983 7754.16 5429.22 2.76 2.2 -87.7 -0.399 18.92 19.82 01a58883o0398o 0.8424666666666667 0.0026666666666666666
58883.39605 13.66 0.003 12474 41 o 0 2601.86 123.84754 -38.98983 7773.84 5313.49 2.76 2.22 -86.0 -0.398 18.9 19.82 01a58883o0405o 0.8316 0.0027333333333333333
58887.372532 13.5 0.004 14455 55 o 0 196.57 123.84754 -38.98983 7715.73 5391.27 3.53 2.78 88.4 -0.353 18.05 18.64 01a58887o0353o 0.9636666666666667 0.0036666666666666666
58887.377672 13.536 0.004 13989 50 o 0 414.24 123.84754 -38.98983 7695.11 5352.91 3.33 2.54 88.2 -0.37 18.11 18.66 01a58887o0363o 0.9326 0.0033333333333333335
58887.387447 13.535 0.004 13996 54 o 0 319.84 123.84754 -38.98983 7754.75 5430.29 3.43 2.52 89.6 -0.386 18.08 18.67 01a58887o0383o 0.9330666666666667 0.0036
58887.390699 13.55 0.004 13802 53 o 0 357.06 123.84754 -38.98983 7773.52 5314.02 3.35 2.38 -90.0 -0.39 18.12 18.67 01a58887o0390o 0.9201333333333334 0.003533333333333333
58891.445524 13.645 0.004 12643 49 o 0 963.38 123.84754 -38.98983 9274.47 9542.64 2.8 2.21 -84.2 -0.366 18.48 19.09 01a58891o0158o 0.8428666666666667 0.003266666666666667
58891.448362 13.661 0.004 12467 47 o 0 1118.7 123.84754 -38.98983 9294.46 9583.13 2.93 2.19 -81.3 -0.357 18.51 19.08 01a58891o0164o 0.8311333333333333 0.0031333333333333335
58891.454415 13.631 0.004 12812 46 o 0 1426.7 123.84754 -38.98983 9236.91 9503.69 2.66 2.08 -82.7 -0.374 18.54 19.04 01a58891o0177o 0.8541333333333333 0.0030666666666666668
58891.465157 13.733 0.004 11666 46 o 0 1780.41 123.84754 -38.98983 9214.49 9620.07 2.54 2.03 -87.2 -0.372 18.49 19.01 01a58891o0199o 0.7777333333333334 0.0030666666666666668
58895.444349 13.68 0.003 12244 38 o 0 3501.62 123.84754 -38.98983 9270.98 9543.68 3.0 2.46 -76.5 -0.385 19.26 20.8 01a58895o0158o 0.8162666666666667 0.002533333333333333
58895.447583 13.624 0.003 12897 40 o 0 1634.6 123.84754 -38.98983 9290.47 9583.89 3.28 2.73 -76.1 -0.357 19.16 20.78 01a58895o0165o 0.8598 0.0026666666666666666
58895.457752 13.609 0.003 13068 40 o 0 742.75 123.84754 -38.98983 9231.77 9504.74 4.15 3.08 -72.2 -0.284 18.97 20.74 01a58895o0185o 0.8712 0.0026666666666666666
58895.464716 13.583 0.003 13386 41 o 0 1506.0 123.84754 -38.98983 9214.24 9622.29 3.09 2.72 -79.4 -0.362 19.13 20.69 01a58895o0199o 0.8924 0.0027333333333333333
58903.369167 13.628 0.003 12851 39 o 0 1320.15 123.84754 -38.98983 7373.43 9612.6 3.63 3.14 -75.2 -0.314 19.11 20.7 01a58903o0343o 0.8567333333333333 0.0026
58903.372416 13.566 0.003 13599 39 o 0 1241.37 123.84754 -38.98983 7393.85 9650.97 3.36 3.05 -84.0 -0.302 19.09 20.71 01a58903o0350o 0.9066 0.0026
58903.388966 13.52 0.003 14188 42 o 0 59.17 123.84754 -38.98983 7336.25 9571.63 5.54 5.07 -83.7 -0.213 18.63 20.64 01a58903o0384o 0.9458666666666666 0.0028
58903.394486 13.506 0.003 14378 42 o 0 333.51 123.84754 -38.98983 7319.09 9687.49 4.24 3.79 -80.2 -0.326 18.81 20.68 01a58903o0396o 0.9585333333333333 0.0028
58907.251606 13.784 0.003 11126 36 o 0 8459.07 123.84754 -38.98983 5375.56 9082.78 2.22 2.03 -88.4 -0.402 19.17 20.41 01a58907o0087o 0.7417333333333334 0.0024
58907.254829 13.726 0.003 11740 37 o 0 9371.23 123.84754 -38.98983 5358.63 9044.79 2.25 2.01 -87.5 -0.409 19.25 20.41 01a58907o0094o 0.7826666666666666 0.0024666666666666665
58907.264264 13.739 0.003 11596 37 o 0 7748.71 123.84754 -38.98983 5418.86 9122.12 2.5 2.06 -81.5 -0.415 19.21 20.43 01a58907o0113o 0.7730666666666667 0.0024666666666666665
58907.280865 13.873 0.003 10253 36 o 0 9315.15 123.84754 -38.98983 5438.34 9005.17 2.28 1.83 -85.4 -0.416 19.32 20.48 01a58907o0147o 0.6835333333333333 0.0024
58913.351805 13.632 0.003 12794 44 o 0 2770.69 123.84754 -38.98983 5735.0 5511.43 2.22 1.96 42.7 -0.456 18.82 19.34 02a58913o0219o 0.8529333333333333 0.0029333333333333334
58913.355019 13.653 0.003 12554 43 o 0 4235.42 123.84754 -38.98983 5716.3 5471.99 2.2 1.9 44.1 -0.459 18.86 19.33 02a58913o0226o 0.8369333333333333 0.0028666666666666667
58913.361009 13.601 0.003 13172 45 o 0 3082.26 123.84754 -38.98983 5774.91 5548.81 2.16 1.89 43.7 -0.471 18.83 19.32 02a58913o0239o 0.8781333333333333 0.003
58913.370656 13.61 0.003 13065 44 o 0 3281.46 123.84754 -38.98983 5795.89 5438.1 2.26 1.95 44.2 -0.443 18.84 19.32 02a58913o0260o 0.871 0.0029333333333333334
58917.255136 13.589 0.005 13318 72 o 0 418.58 123.84754 -38.98983 1541.04 9452.49 2.47 1.83 -58.0 -0.532 18.1 18.23 02a58917o0085o 0.8878666666666667 0.0048
58917.260358 13.542 0.005 13905 64 o 0 535.84 123.84754 -38.98983 1555.74 9492.65 2.83 1.77 -57.7 -0.494 18.19 18.25 02a58917o0095o 0.927 0.004266666666666667
58917.276237 13.679 0.004 12253 53 o 0 1209.54 123.84754 -38.98983 1499.94 9416.36 2.46 1.77 -57.2 -0.518 18.16 18.29 02a58917o0127o 0.8168666666666666 0.003533333333333333
58917.283308 13.588 0.004 13330 58 o 0 761.71 123.84754 -38.98983 1481.05 9532.79 2.81 1.77 -58.1 -0.492 18.19 18.29 02a58917o0141o 0.8886666666666667 0.0038666666666666667
58919.383242 13.663 0.004 12445 47 o 0 1309.1 123.84754 -38.98983 2522.36 7325.53 2.21 2.13 -82.3 -0.415 18.57 18.87 01a58919o0354o 0.8296666666666667 0.0031333333333333335
58919.388738 13.637 0.004 12745 48 o 0 1119.93 123.84754 -38.98983 2541.18 7363.27 2.2 2.17 -60.6 -0.383 18.54 18.85 01a58919o0365o 0.8496666666666667 0.0032
58919.392516 13.594 0.004 13254 47 o 0 803.99 123.84754 -38.98983 2483.08 7286.92 2.46 2.42 7.3 -0.374 18.41 18.83 01a58919o0373o 0.8836 0.0031333333333333335
58919.403498 13.587 0.003 13338 46 o 0 862.5 123.84754 -38.98983 2463.98 7403.18 2.5 2.3 -1.5 -0.343 18.37 18.79 01a58919o0395o 0.8892 0.0030666666666666668
58941.293444 13.679 0.003 12256 43 o 0 4377.99 123.84754 -38.98983 1208.86 7276.94 2.08 2.0 -77.7 -0.456 18.98 19.6 02a58941o0138o 0.8170666666666667 0.0028666666666666667
58941.296372 13.718 0.004 11826 44 o 0 3358.48 123.84754 -38.98983 1190.02 7238.08 2.04 1.98 85.4 -0.459 18.97 19.6 02a58941o0144o 0.7884 0.0029333333333333334
58941.302048 13.694 0.004 12085 46 o 0 2804.91 123.84754 -38.98983 1249.63 7317.46 2.04 1.94 86.4 -0.46 18.94 19.57 02a58941o0156o 0.8056666666666666 0.0030666666666666668
58941.315098 13.75 0.004 11485 43 o 0 3909.67 123.84754 -38.98983 1272.07 7203.04 2.06 1.99 80.7 -0.452 18.91 19.51 02a58941o0184o 0.7656666666666667 0.0028666666666666667
58951.290713 13.836 0.003 10608 37 o 0 10742.0 123.84754 -38.98983 9172.96 1290.07 2.06 1.97 9.4 -0.39 19.31 20.27 01a58951o0147o 0.7072 0.0024666666666666665
58951.294988 13.681 0.003 12231 39 o 0 5450.94 123.84754 -38.98983 9193.12 1330.99 2.4 2.04 5.3 -0.357 19.25 20.3 01a58951o0156o 0.8154 0.0026
58951.299694 13.69 0.003 12128 39 o 0 4862.48 123.84754 -38.98983 9132.08 1251.61 2.44 2.0 3.3 -0.353 19.16 20.27 01a58951o0166o 0.8085333333333333 0.0026
58951.312404 13.755 0.003 11424 38 o 0 7953.04 123.84754 -38.98983 9110.98 1371.14 2.18 2.02 5.1 -0.375 19.19 20.26 01a58951o0193o 0.7616 0.002533333333333333
58955.296156 13.586 0.003 13354 41 o 0 2065.61 123.84754 -38.98983 6334.5 7076.65 2.71 2.53 4.2 -0.343 18.91 20.11 01a58955o0157o 0.8902666666666667 0.0027333333333333333
58955.29995 13.593 0.003 13268 43 o 0 1527.52 123.84754 -38.98983 6352.52 7114.96 2.61 2.55 -2.9 -0.341 18.9 20.12 01a58955o0164o 0.8845333333333333 0.0028666666666666667
58955.305219 13.51 0.003 14322 45 o 0 1125.4 123.84754 -38.98983 6294.85 7037.61 2.66 2.63 -75.3 -0.373 18.86 20.12 01a58955o0175o 0.9548 0.003
58955.315071 13.602 0.003 13154 43 o 0 1233.5 123.84754 -38.98983 6275.96 7154.2 2.92 2.89 -29.5 -0.348 18.74 20.03 01a58955o0195o 0.8769333333333333 0.0028666666666666667
58959.285846 13.563 0.003 13643 42 o 0 1723.65 123.84754 -38.98983 6332.46 7073.9 2.75 2.34 8.5 -0.329 19.01 20.16 01a58959o0135o 0.9095333333333333 0.0028
58959.289089 13.624 0.003 12895 38 o 0 4170.14 123.84754 -38.98983 6353.07 7114.02 2.7 2.24 4.2 -0.333 18.97 20.12 01a58959o0142o 0.8596666666666667 0.002533333333333333
58959.294821 13.718 0.003 11822 39 o 0 5243.18 123.84754 -38.98983 6293.27 7036.58 2.24 1.96 7.5 -0.378 19.07 20.09 01a58959o0153o 0.7881333333333334 0.0026
58959.30471 13.583 0.003 13391 42 o 0 1789.18 123.84754 -38.98983 6274.74 7153.9 2.64 2.3 3.1 -0.347 18.94 20.04 01a58959o0173o 0.8927333333333334 0.0028
58967.23939 13.584 0.003 13383 42 o 0 2542.5 123.84754 -38.98983 3404.07 3530.78 2.45 2.03 -1.1 -0.374 18.88 19.62 01a58967o0034o 0.8922 0.0028
58967.243073 13.534 0.003 14007 43 o 0 1913.4 123.84754 -38.98983 3424.69 3569.26 2.53 2.07 0.8 -0.37 18.98 19.81 01a58967o0042o 0.9338 0.0028666666666666667
58967.248597 13.623 0.003 12910 41 o 0 3571.92 123.84754 -38.98983 3364.91 3492.63 2.36 1.98 -0.5 -0.385 19.08 19.92 01a58967o0054o 0.8606666666666667 0.0027333333333333333
58967.260579 13.6 0.003 13187 42 o 0 2833.7 123.84754 -38.98983 3344.69 3607.38 2.37 1.95 -7.9 -0.379 19.06 19.83 01a58967o0080o 0.8791333333333333 0.0028
58969.236743 13.508 0.006 14350 81 o 0 91.06 123.84754 -38.98983 3345.54 9173.7 2.9 2.39 47.3 -0.386 18.01 18.34 02a58969o0020o 0.9566666666666667 0.0054
58969.24041 13.546 0.004 13856 56 o 0 367.46 123.84754 -38.98983 3321.66 9132.87 2.91 2.44 48.3 -0.379 18.42 19.03 02a58969o0028o 0.9237333333333333 0.0037333333333333333
58969.24592 13.577 0.003 13461 46 o 0 1030.48 123.84754 -38.98983 3381.43 9211.63 2.79 2.33 47.3 -0.388 18.69 19.52 02a58969o0040o 0.8974 0.0030666666666666668
58971.234172 13.533 0.004 14027 58 o 0 479.31 123.84754 -38.98983 10303.53 7440.94 2.78 1.85 9.7 -0.377 17.94 18.12 01a58971o0004o 0.9351333333333334 0.0038666666666666667
58971.237398 13.583 0.004 13390 51 o 0 1468.81 123.84754 -38.98983 10322.32 7480.11 2.4 1.81 10.2 -0.487 18.34 18.76 01a58971o0011o 0.8926666666666667 0.0034
58971.241083 13.56 0.003 13672 45 o 0 1511.09 123.84754 -38.98983 595.91 7490.24 2.46 2.14 -18.9 -0.368 18.62 19.25 01a58971o0019o 0.9114666666666666 0.003
58971.244776 13.657 0.004 12504 44 o 0 2597.51 123.84754 -38.98983 10262.41 7399.89 2.4 1.78 10.5 -0.475 18.72 19.32 01a58971o0027o 0.8336 0.0029333333333333334
58971.245237 13.602 0.004 13162 46 o 0 1680.51 123.84754 -38.98983 614.95 7527.81 2.26 2.02 -17.5 -0.379 18.71 19.4 01a58971o0028o 0.8774666666666666 0.0030666666666666668
